-0.594744 -2.07108 -0.7708
-0.286397 -1.94096 -0.841182

-0.286397 -1.94096 -0.841182
-0.313873 -2.28592 -0.659722

-0.313873 -2.28592 -0.659722
-0.594744 -2.07108 -0.7708

0.0334127 -1.78776 -0.852913
0.00499201 -2.15897 -0.768697

0.00499201 -2.15897 -0.768697
-0.286397 -1.94096 -0.841182

-0.286397 -1.94096 -0.841182
0.0334127 -1.78776 -0.852913

0.00499201 -2.15897 -0.768697
-0.313873 -2.28592 -0.659722

0.605753 -2.15003 -0.720879
0.308418 -2.31742 -0.630341

0.308418 -2.31742 -0.630341
0.327448 -1.99032 -0.828046

0.327448 -1.99032 -0.828046
0.605753 -2.15003 -0.720879

0.308418 -2.31742 -0.630341
0.00499201 -2.15897 -0.768697

0.00499201 -2.15897 -0.768697
0.327448 -1.99032 -0.828046

0.605753 -2.15003 -0.720879
0.669497 -2.36539 -0.479305

0.669497 -2.36539 -0.479305
0.308418 -2.31742 -0.630341

-1.54677 -1.5039 -0.768755
-1.24839 -1.30754 -0.853696

-1.24839 -1.30754 -0.853696
-1.23905 -1.69047 -0.799316

-1.23905 -1.69047 -0.799316
-1.54677 -1.5039 -0.768755

-0.921858 -1.85634 -0.809043
-0.928109 -1.48842 -0.850579

-0.928109 -1.48842 -0.850579
-0.604399 -1.70968 -0.853799

-0.604399 -1.70968 -0.853799
-0.921858 -1.85634 -0.809043

-0.921858 -1.85634 -0.809043
-1.23905 -1.69047 -0.799316

-1.23905 -1.69047 -0.799316
-0.928109 -1.48842 -0.850579

-0.286397 -1.94096 -0.841182
-0.604399 -1.70968 -0.853799

-0.604399 -1.70968 -0.853799
-0.280989 -1.56953 -0.822238

-0.280989 -1.56953 -0.822238
-0.286397 -1.94096 -0.841182

-0.594744 -2.07108 -0.7708
-0.604399 -1.70968 -0.853799

-0.594744 -2.07108 -0.7708
-0.921858 -1.85634 -0.809043

0.394185 -1.65263 -0.843689
0.327448 -1.99032 -0.828046

0.327448 -1.99032 -0.828046
0.0334127 -1.78776 -0.852913

0.0334127 -1.78776 -0.852913
0.394185 -1.65263 -0.843689

0.717362 -1.85403 -0.835689
0.327448 -1.99032 -0.828046

0.394185 -1.65263 -0.843689
0.717362 -1.85403 -0.835689

0.717362 -1.85403 -0.835689
0.605753 -2.15003 -0.720879

0.943737 -2.10814 -0.657948
0.605753 -2.15003 -0.720879

0.717362 -1.85403 -0.835689
0.943737 -2.10814 -0.657948

0.760728 -1.53248 -0.845416
1.09139 -1.79756 -0.796811

1.09139 -1.79756 -0.796811
0.717362 -1.85403 -0.835689

0.717362 -1.85403 -0.835689
0.760728 -1.53248 -0.845416

0.943737 -2.10814 -0.657948
0.669497 -2.36539 -0.479305

1.4814 -1.80899 -0.630132
1.2629 -2.06437 -0.534339

1.2629 -2.06437 -0.534339
1.09139 -1.79756 -0.796811

1.09139 -1.79756 -0.796811
1.4814 -1.80899 -0.630132

1.09139 -1.79756 -0.796811
0.943737 -2.10814 -0.657948

1.09139 -1.79756 -0.796811
1.36194 -1.56433 -0.808851

1.36194 -1.56433 -0.808851
1.4814 -1.80899 -0.630132

-1.91649 -0.969345 -0.773641
-1.57974 -1.13306 -0.844137

-1.57974 -1.13306 -0.844137
-1.8601 -1.32155 -0.681067

-1.8601 -1.32155 -0.681067
-1.91649 -0.969345 -0.773641

-1.54677 -1.5039 -0.768755
-1.57974 -1.13306 -0.844137

-1.57974 -1.13306 -0.844137
-1.24839 -1.30754 -0.853696

-1.24839 -1.30754 -0.853696
-0.928109 -1.48842 -0.850579

-1.54677 -1.5039 -0.768755
-1.8601 -1.32155 -0.681067

-0.930969 -1.11796 -0.779108
-0.928109 -1.48842 -0.850579

-1.24839 -1.30754 -0.853696
-0.930969 -1.11796 -0.779108

-0.930969 -1.11796 -0.779108
-0.606609 -1.34634 -0.786647

-0.606609 -1.34634 -0.786647
-0.928109 -1.48842 -0.850579

-0.606609 -1.34634 -0.786647
-0.604399 -1.70968 -0.853799

-0.280989 -1.56953 -0.822238
0.0334127 -1.78776 -0.852913

-0.606609 -1.34634 -0.786647
-0.280989 -1.56953 -0.822238

0.0647107 -1.44718 -0.776377
0.0334127 -1.78776 -0.852913

-0.280989 -1.56953 -0.822238
0.0647107 -1.44718 -0.776377

0.0647107 -1.44718 -0.776377
0.394185 -1.65263 -0.843689

0.422393 -1.32701 -0.754839
0.394185 -1.65263 -0.843689

0.0647107 -1.44718 -0.776377
0.422393 -1.32701 -0.754839

0.422393 -1.32701 -0.754839
0.760728 -1.53248 -0.845416

0.760728 -1.53248 -0.845416
0.394185 -1.65263 -0.843689

0.760175 -1.185 -0.760853
0.760728 -1.53248 -0.845416

0.422393 -1.32701 -0.754839
0.760175 -1.185 -0.760853

1.07577 -1.39674 -0.85124
0.760728 -1.53248 -0.845416

0.760175 -1.185 -0.760853
1.07577 -1.39674 -0.85124

1.07577 -1.39674 -0.85124
1.09139 -1.79756 -0.796811

1.07577 -1.39674 -0.85124
1.36194 -1.56433 -0.808851

1.69425 -1.46734 -0.715159
1.4814 -1.80899 -0.630132

1.36194 -1.56433 -0.808851
1.69425 -1.46734 -0.715159

1.79882 -1.10585 -0.792753
1.98408 -1.37565 -0.541525

1.98408 -1.37565 -0.541525
1.69425 -1.46734 -0.715159

1.69425 -1.46734 -0.715159
1.79882 -1.10585 -0.792753

1.44077 -1.22072 -0.851419
1.69425 -1.46734 -0.715159

1.36194 -1.56433 -0.808851
1.44077 -1.22072 -0.851419

1.79882 -1.10585 -0.792753
2.14732 -1.07705 -0.556784

2.14732 -1.07705 -0.556784
1.98408 -1.37565 -0.541525

-1.95288 -0.611855 -0.817862
-1.60446 -0.766141 -0.852475

-1.60446 -0.766141 -0.852475
-1.91649 -0.969345 -0.773641

-1.91649 -0.969345 -0.773641
-1.95288 -0.611855 -0.817862

-1.60446 -0.766141 -0.852475
-1.57974 -1.13306 -0.844137

-1.28963 -0.581037 -0.764448
-1.25488 -0.934481 -0.814662

-1.25488 -0.934481 -0.814662
-1.60446 -0.766141 -0.852475

-1.60446 -0.766141 -0.852475
-1.28963 -0.581037 -0.764448

-1.25488 -0.934481 -0.814662
-1.57974 -1.13306 -0.844137

-1.25488 -0.934481 -0.814662
-1.24839 -1.30754 -0.853696

-1.25488 -0.934481 -0.814662
-0.930969 -1.11796 -0.779108

1.10529 -1.04327 -0.800721
1.07577 -1.39674 -0.85124

0.760175 -1.185 -0.760853
1.10529 -1.04327 -0.800721

1.44077 -1.22072 -0.851419
1.07577 -1.39674 -0.85124

1.10529 -1.04327 -0.800721
1.44077 -1.22072 -0.851419

1.10751 -0.701374 -0.720703
1.45026 -0.879157 -0.843233

1.45026 -0.879157 -0.843233
1.10529 -1.04327 -0.800721

1.10529 -1.04327 -0.800721
1.10751 -0.701374 -0.720703

1.44077 -1.22072 -0.851419
1.79882 -1.10585 -0.792753

1.45026 -0.879157 -0.843233
1.79882 -1.10585 -0.792753

1.44077 -1.22072 -0.851419
1.45026 -0.879157 -0.843233

2.0187 -0.825185 -0.755811
1.79882 -1.10585 -0.792753

1.79882 -1.10585 -0.792753
1.74067 -0.692299 -0.852501

1.74067 -0.692299 -0.852501
2.0187 -0.825185 -0.755811

2.0187 -0.825185 -0.755811
2.14732 -1.07705 -0.556784

-2.25836 -0.0789254 -0.698209
-1.96278 -0.233705 -0.837493

-1.96278 -0.233705 -0.837493
-2.24365 -0.442138 -0.675784

-2.24365 -0.442138 -0.675784
-2.25836 -0.0789254 -0.698209

-1.95288 -0.611855 -0.817862
-1.96278 -0.233705 -0.837493

-1.96278 -0.233705 -0.837493
-1.6334 -0.397499 -0.841278

-1.6334 -0.397499 -0.841278
-1.95288 -0.611855 -0.817862

-1.6334 -0.397499 -0.841278
-1.60446 -0.766141 -0.852475

-1.95288 -0.611855 -0.817862
-2.24365 -0.442138 -0.675784

-1.35873 -0.194204 -0.748075
-1.28963 -0.581037 -0.764448

-1.28963 -0.581037 -0.764448
-1.6334 -0.397499 -0.841278

-1.6334 -0.397499 -0.841278
-1.35873 -0.194204 -0.748075

1.45026 -0.879157 -0.843233
1.74067 -0.692299 -0.852501

1.39826 -0.512437 -0.790825
1.74067 -0.692299 -0.852501

1.45026 -0.879157 -0.843233
1.39826 -0.512437 -0.790825

1.92344 -0.103496 -0.847085
2.06484 -0.453959 -0.791331

2.06484 -0.453959 -0.791331
1.68897 -0.3329 -0.846963

1.68897 -0.3329 -0.846963
1.92344 -0.103496 -0.847085

2.06484 -0.453959 -0.791331
1.74067 -0.692299 -0.852501

1.74067 -0.692299 -0.852501
1.68897 -0.3329 -0.846963

2.06484 -0.453959 -0.791331
2.0187 -0.825185 -0.755811

-2.25836 -0.0789254 -0.698209
-2.30159 0.294477 -0.644044

-2.30159 0.294477 -0.644044
-2.00342 0.160627 -0.829015

-2.00342 0.160627 -0.829015
-2.25836 -0.0789254 -0.698209

-2.00342 0.160627 -0.829015
-1.96278 -0.233705 -0.837493

-1.68162 0.00229527 -0.841473
-1.96278 -0.233705 -0.837493

-2.00342 0.160627 -0.829015
-1.68162 0.00229527 -0.841473

-1.68162 0.00229527 -0.841473
-1.6334 -0.397499 -0.841278

-1.38292 0.162045 -0.756293
-1.35873 -0.194204 -0.748075

-1.35873 -0.194204 -0.748075
-1.68162 0.00229527 -0.841473

-1.68162 0.00229527 -0.841473
-1.38292 0.162045 -0.756293

1.62291 0.0743146 -0.82973
1.94581 0.260674 -0.840717

1.94581 0.260674 -0.840717
1.92344 -0.103496 -0.847085

1.92344 -0.103496 -0.847085
1.62291 0.0743146 -0.82973

1.68897 -0.3329 -0.846963
1.62291 0.0743146 -0.82973

2.20846 -0.0775067 -0.736813
1.92344 -0.103496 -0.847085

1.94581 0.260674 -0.840717
2.20846 -0.0775067 -0.736813

2.20846 -0.0775067 -0.736813
2.06484 -0.453959 -0.791331

2.20846 -0.0775067 -0.736813
2.36425 -0.350132 -0.57126

2.36425 -0.350132 -0.57126
2.06484 -0.453959 -0.791331

2.20846 -0.0775067 -0.736813
2.44249 0.0373559 -0.500659

2.44249 0.0373559 -0.500659
2.36425 -0.350132 -0.57126

-2.30159 0.294477 -0.644044
-2.0729 0.531225 -0.776917

-2.0729 0.531225 -0.776917
-2.00342 0.160627 -0.829015

-2.30159 0.294477 -0.644044
-2.34774 0.635389 -0.511766

-2.34774 0.635389 -0.511766
-2.0729 0.531225 -0.776917

-1.71697 0.4063 -0.851661
-2.00342 0.160627 -0.829015

-2.0729 0.531225 -0.776917
-1.71697 0.4063 -0.851661

-1.71697 0.4063 -0.851661
-1.68162 0.00229527 -0.841473

-1.38146 0.484452 -0.78336
-1.38292 0.162045 -0.756293

-1.38292 0.162045 -0.756293
-1.71697 0.4063 -0.851661

-1.71697 0.4063 -0.851661
-1.38146 0.484452 -0.78336

1.62517 0.44484 -0.841734
1.94581 0.260674 -0.840717

1.62291 0.0743146 -0.82973
1.62517 0.44484 -0.841734

1.62517 0.44484 -0.841734
1.97492 0.628235 -0.808713

1.97492 0.628235 -0.808713
1.94581 0.260674 -0.840717

2.25416 0.608799 -0.631506
2.23576 0.281588 -0.704799

2.23576 0.281588 -0.704799
1.97492 0.628235 -0.808713

1.97492 0.628235 -0.808713
2.25416 0.608799 -0.631506

1.94581 0.260674 -0.840717
2.23576 0.281588 -0.704799

2.23576 0.281588 -0.704799
2.20846 -0.0775067 -0.736813

2.23576 0.281588 -0.704799
2.44249 0.0373559 -0.500659

-2.14532 0.886798 -0.64256
-2.0729 0.531225 -0.776917

-2.34774 0.635389 -0.511766
-2.14532 0.886798 -0.64256

-1.84024 0.788159 -0.831029
-2.0729 0.531225 -0.776917

-2.14532 0.886798 -0.64256
-1.84024 0.788159 -0.831029

-1.84024 0.788159 -0.831029
-1.71697 0.4063 -0.851661

-1.52094 0.789538 -0.846435
-1.71697 0.4063 -0.851661

-1.84024 0.788159 -0.831029
-1.52094 0.789538 -0.846435

-1.52094 0.789538 -0.846435
-1.38146 0.484452 -0.78336

-1.29965 1.09185 -0.844169
-1.15405 0.746511 -0.749398

-1.15405 0.746511 -0.749398
-1.52094 0.789538 -0.846435

-1.52094 0.789538 -0.846435
-1.29965 1.09185 -0.844169

-1.15405 0.746511 -0.749398
-1.38146 0.484452 -0.78336

-1.29965 1.09185 -0.844169
-0.95885 1.03377 -0.763588

-0.95885 1.03377 -0.763588
-1.15405 0.746511 -0.749398

1.17429 1.07428 -0.822154
1.50546 1.0761 -0.85347

1.50546 1.0761 -0.85347
1.30163 0.70113 -0.787795

1.30163 0.70113 -0.787795
1.17429 1.07428 -0.822154

1.50546 1.0761 -0.85347
1.64479 0.771333 -0.853867

1.64479 0.771333 -0.853867
1.30163 0.70113 -0.787795

1.62517 0.44484 -0.841734
1.64479 0.771333 -0.853867

1.64479 0.771333 -0.853867
1.97492 0.628235 -0.808713

1.62517 0.44484 -0.841734
1.30163 0.70113 -0.787795

1.8784 1.02146 -0.778723
2.15992 0.937109 -0.6106

2.15992 0.937109 -0.6106
1.97492 0.628235 -0.808713

1.97492 0.628235 -0.808713
1.8784 1.02146 -0.778723

1.64479 0.771333 -0.853867
1.8784 1.02146 -0.778723

-1.91878 1.144 -0.717357
-1.63602 1.15388 -0.830931

-1.63602 1.15388 -0.830931
-1.84024 0.788159 -0.831029

-1.84024 0.788159 -0.831029
-1.91878 1.144 -0.717357

-1.63602 1.15388 -0.830931
-1.52094 0.789538 -0.846435

-1.63602 1.15388 -0.830931
-1.29965 1.09185 -0.844169

-1.4529 1.4579 -0.812995
-1.29965 1.09185 -0.844169

-1.63602 1.15388 -0.830931
-1.4529 1.4579 -0.812995

-1.08685 1.387 -0.851558
-1.29965 1.09185 -0.844169

-1.4529 1.4579 -0.812995
-1.08685 1.387 -0.851558

-1.08685 1.387 -0.851558
-0.731512 1.32654 -0.800675

-0.731512 1.32654 -0.800675
-0.95885 1.03377 -0.763588

-0.95885 1.03377 -0.763588
-1.08685 1.387 -0.851558

-0.661858 0.958627 -0.655456
-0.95885 1.03377 -0.763588

-0.731512 1.32654 -0.800675
-0.661858 0.958627 -0.655456

0.585865 1.30149 -0.76985
0.973488 1.42965 -0.848296

0.973488 1.42965 -0.848296
0.835884 1.10456 -0.753278

0.835884 1.10456 -0.753278
0.585865 1.30149 -0.76985

1.17429 1.07428 -0.822154
0.973488 1.42965 -0.848296

0.973488 1.42965 -0.848296
1.35122 1.4152 -0.841647

1.35122 1.4152 -0.841647
1.17429 1.07428 -0.822154

1.35122 1.4152 -0.841647
1.50546 1.0761 -0.85347

1.17429 1.07428 -0.822154
0.835884 1.10456 -0.753278

1.72188 1.3604 -0.745797
1.50546 1.0761 -0.85347

1.35122 1.4152 -0.841647
1.72188 1.3604 -0.745797

1.72188 1.3604 -0.745797
1.8784 1.02146 -0.778723

1.8784 1.02146 -0.778723
1.50546 1.0761 -0.85347

2.0329 1.28487 -0.550635
1.8784 1.02146 -0.778723

1.72188 1.3604 -0.745797
2.0329 1.28487 -0.550635

-1.78883 1.4921 -0.634109
-1.63602 1.15388 -0.830931

-1.91878 1.144 -0.717357
-1.78883 1.4921 -0.634109

-1.78883 1.4921 -0.634109
-1.4529 1.4579 -0.812995

-1.50618 1.76959 -0.639653
-1.4529 1.4579 -0.812995

-1.78883 1.4921 -0.634109
-1.50618 1.76959 -0.639653

-1.17569 1.72861 -0.800121
-1.4529 1.4579 -0.812995

-1.50618 1.76959 -0.639653
-1.17569 1.72861 -0.800121

-1.17569 1.72861 -0.800121
-1.08685 1.387 -0.851558

-0.8171 1.67164 -0.852954
-1.08685 1.387 -0.851558

-1.17569 1.72861 -0.800121
-0.8171 1.67164 -0.852954

-0.8171 1.67164 -0.852954
-0.731512 1.32654 -0.800675

-0.635784 1.95992 -0.812136
-0.437602 1.58533 -0.834798

-0.437602 1.58533 -0.834798
-0.8171 1.67164 -0.852954

-0.8171 1.67164 -0.852954
-0.635784 1.95992 -0.812136

-0.437602 1.58533 -0.834798
-0.731512 1.32654 -0.800675

0.269748 1.52491 -0.810765
-0.0881293 1.39328 -0.758092

-0.0881293 1.39328 -0.758092
-0.0356653 1.70959 -0.845966

-0.0356653 1.70959 -0.845966
0.269748 1.52491 -0.810765

-0.0356653 1.70959 -0.845966
-0.437602 1.58533 -0.834798

-0.437602 1.58533 -0.834798
-0.302279 1.90424 -0.846279

-0.302279 1.90424 -0.846279
-0.0356653 1.70959 -0.845966

0.307901 1.88776 -0.848422
0.269748 1.52491 -0.810765

-0.0356653 1.70959 -0.845966
0.307901 1.88776 -0.848422

0.307901 1.88776 -0.848422
0.613164 1.62957 -0.849623

0.613164 1.62957 -0.849623
0.269748 1.52491 -0.810765

0.307901 1.88776 -0.848422
0.625936 2.00226 -0.797265

0.625936 2.00226 -0.797265
0.613164 1.62957 -0.849623

0.585865 1.30149 -0.76985
0.613164 1.62957 -0.849623

0.613164 1.62957 -0.849623
0.973488 1.42965 -0.848296

0.613164 1.62957 -0.849623
0.911303 1.78891 -0.829607

0.911303 1.78891 -0.829607
0.973488 1.42965 -0.848296

1.23471 1.7451 -0.778338
0.973488 1.42965 -0.848296

0.911303 1.78891 -0.829607
1.23471 1.7451 -0.778338

1.23471 1.7451 -0.778338
1.35122 1.4152 -0.841647

1.57802 1.67942 -0.659758
1.35122 1.4152 -0.841647

1.23471 1.7451 -0.778338
1.57802 1.67942 -0.659758

1.57802 1.67942 -0.659758
1.87307 1.59916 -0.467461

1.87307 1.59916 -0.467461
1.72188 1.3604 -0.745797

1.72188 1.3604 -0.745797
1.57802 1.67942 -0.659758

1.87307 1.59916 -0.467461
2.0329 1.28487 -0.550635

-1.25363 2.02529 -0.576292
-1.17569 1.72861 -0.800121

-1.50618 1.76959 -0.639653
-1.25363 2.02529 -0.576292

-0.962338 2.02487 -0.711037
-1.17569 1.72861 -0.800121

-1.25363 2.02529 -0.576292
-0.962338 2.02487 -0.711037

-0.962338 2.02487 -0.711037
-0.8171 1.67164 -0.852954

-0.962338 2.02487 -0.711037
-0.635784 1.95992 -0.812136

-0.635784 1.95992 -0.812136
-0.302279 1.90424 -0.846279

-0.381527 2.20993 -0.710645
0.0102293 2.07873 -0.805163

0.0102293 2.07873 -0.805163
-0.302279 1.90424 -0.846279

-0.302279 1.90424 -0.846279
-0.381527 2.20993 -0.710645

-0.635784 1.95992 -0.812136
-0.381527 2.20993 -0.710645

0.0102293 2.07873 -0.805163
-0.0356653 1.70959 -0.845966

0.327097 2.24845 -0.687253
0.625936 2.00226 -0.797265

0.307901 1.88776 -0.848422
0.327097 2.24845 -0.687253

0.0102293 2.07873 -0.805163
0.327097 2.24845 -0.687253

0.307901 1.88776 -0.848422
0.0102293 2.07873 -0.805163

1.02192 2.07121 -0.654356
0.911303 1.78891 -0.829607

0.911303 1.78891 -0.829607
0.625936 2.00226 -0.797265

0.625936 2.00226 -0.797265
1.02192 2.07121 -0.654356

1.38609 1.97251 -0.541739
1.23471 1.7451 -0.778338

1.23471 1.7451 -0.778338
1.02192 2.07121 -0.654356

1.02192 2.07121 -0.654356
1.38609 1.97251 -0.541739

1.38609 1.97251 -0.541739
1.57802 1.67942 -0.659758

-0.062082 2.33852 -0.62408
0.327097 2.24845 -0.687253

0.0102293 2.07873 -0.805163
-0.062082 2.33852 -0.62408

-0.381527 2.20993 -0.710645
-0.062082 2.33852 -0.62408

-0.650917 -2.49884 -0.200039
-0.316165 -2.50668 -0.355059

-0.316165 -2.50668 -0.355059
-0.336735 -2.58685 -0.000289644

-0.336735 -2.58685 -0.000289644
-0.650917 -2.49884 -0.200039

0.00670401 -2.58913 -0.173125
-0.336735 -2.58685 -0.000289644

-0.316165 -2.50668 -0.355059
0.00670401 -2.58913 -0.173125

-0.000201992 -2.43858 -0.508273
0.00670401 -2.58913 -0.173125

-0.316165 -2.50668 -0.355059
-0.000201992 -2.43858 -0.508273

0.342719 -2.51194 -0.33647
0.00670401 -2.58913 -0.173125

-0.000201992 -2.43858 -0.508273
0.342719 -2.51194 -0.33647

0.342719 -2.51194 -0.33647
0.335143 -2.58734 0.00759569

0.335143 -2.58734 0.00759569
0.00670401 -2.58913 -0.173125

0.342719 -2.51194 -0.33647
0.685945 -2.49741 -0.170709

0.685945 -2.49741 -0.170709
0.335143 -2.58734 0.00759569

-1.48225 -1.85794 -0.586439
-1.19179 -2.03523 -0.607395

-1.19179 -2.03523 -0.607395
-1.35162 -2.15076 -0.322242

-1.35162 -2.15076 -0.322242
-1.48225 -1.85794 -0.586439

-1.01118 -2.31891 -0.346887
-1.19179 -2.03523 -0.607395

-1.19179 -2.03523 -0.607395
-0.889071 -2.16612 -0.625855

-0.889071 -2.16612 -0.625855
-1.01118 -2.31891 -0.346887

-1.01118 -2.31891 -0.346887
-1.35162 -2.15076 -0.322242

-0.313873 -2.28592 -0.659722
-0.635598 -2.35782 -0.502814

-0.635598 -2.35782 -0.502814
-0.594744 -2.07108 -0.7708

-0.313873 -2.28592 -0.659722
-0.316165 -2.50668 -0.355059

-0.316165 -2.50668 -0.355059
-0.635598 -2.35782 -0.502814

-0.635598 -2.35782 -0.502814
-0.889071 -2.16612 -0.625855

-0.889071 -2.16612 -0.625855
-0.594744 -2.07108 -0.7708

-0.635598 -2.35782 -0.502814
-1.01118 -2.31891 -0.346887

0.00499201 -2.15897 -0.768697
-0.000201992 -2.43858 -0.508273

-0.000201992 -2.43858 -0.508273
-0.313873 -2.28592 -0.659722

0.308418 -2.31742 -0.630341
0.342719 -2.51194 -0.33647

-0.000201992 -2.43858 -0.508273
0.308418 -2.31742 -0.630341

0.342719 -2.51194 -0.33647
0.669497 -2.36539 -0.479305

0.669497 -2.36539 -0.479305
0.685945 -2.49741 -0.170709

0.943737 -2.10814 -0.657948
1.00519 -2.31188 -0.367852

1.00519 -2.31188 -0.367852
0.669497 -2.36539 -0.479305

1.00519 -2.31188 -0.367852
0.685945 -2.49741 -0.170709

1.31918 -2.2238 -0.189182
1.00519 -2.31188 -0.367852

1.00519 -2.31188 -0.367852
1.2629 -2.06437 -0.534339

1.2629 -2.06437 -0.534339
1.31918 -2.2238 -0.189182

1.57269 -1.99652 -0.321956
1.31918 -2.2238 -0.189182

1.2629 -2.06437 -0.534339
1.57269 -1.99652 -0.321956

1.57269 -1.99652 -0.321956
1.58542 -2.06992 0.053915

1.58542 -2.06992 0.053915
1.31918 -2.2238 -0.189182

-1.92209 -1.72043 -0.205334
-1.76217 -1.66059 -0.530157

-1.76217 -1.66059 -0.530157
-1.65087 -1.94989 -0.284146

-1.65087 -1.94989 -0.284146
-1.92209 -1.72043 -0.205334

-1.23905 -1.69047 -0.799316
-1.19179 -2.03523 -0.607395

-1.48225 -1.85794 -0.586439
-1.23905 -1.69047 -0.799316

-1.48225 -1.85794 -0.586439
-1.54677 -1.5039 -0.768755

-1.48225 -1.85794 -0.586439
-1.76217 -1.66059 -0.530157

-1.76217 -1.66059 -0.530157
-1.54677 -1.5039 -0.768755

-1.48225 -1.85794 -0.586439
-1.65087 -1.94989 -0.284146

-0.921858 -1.85634 -0.809043
-1.19179 -2.03523 -0.607395

-0.921858 -1.85634 -0.809043
-0.889071 -2.16612 -0.625855

0.943737 -2.10814 -0.657948
1.2629 -2.06437 -0.534339

1.4814 -1.80899 -0.630132
1.57269 -1.99652 -0.321956

1.79196 -1.7078 -0.45183
1.57269 -1.99652 -0.321956

1.4814 -1.80899 -0.630132
1.79196 -1.7078 -0.45183

1.69425 -1.46734 -0.715159
1.79196 -1.7078 -0.45183

1.82606 -1.85368 -0.102444
1.57269 -1.99652 -0.321956

1.79196 -1.7078 -0.45183
1.82606 -1.85368 -0.102444

1.82606 -1.85368 -0.102444
1.58542 -2.06992 0.053915

1.79196 -1.7078 -0.45183
2.04465 -1.56844 -0.220978

2.04465 -1.56844 -0.220978
1.82606 -1.85368 -0.102444

-2.22702 -1.30731 -0.192632
-2.14694 -1.13557 -0.519019

-2.14694 -1.13557 -0.519019
-2.0347 -1.46758 -0.388165

-2.0347 -1.46758 -0.388165
-2.22702 -1.30731 -0.192632

-1.76217 -1.66059 -0.530157
-2.0347 -1.46758 -0.388165

-2.0347 -1.46758 -0.388165
-1.8601 -1.32155 -0.681067

-1.8601 -1.32155 -0.681067
-1.76217 -1.66059 -0.530157

-1.8601 -1.32155 -0.681067
-2.14694 -1.13557 -0.519019

-2.14694 -1.13557 -0.519019
-1.91649 -0.969345 -0.773641

-1.92209 -1.72043 -0.205334
-2.0347 -1.46758 -0.388165

-0.930969 -1.11796 -0.779108
-0.610191 -1.00838 -0.660221

-0.610191 -1.00838 -0.660221
-0.606609 -1.34634 -0.786647

-0.272239 -1.23618 -0.700677
-0.280989 -1.56953 -0.822238

-0.606609 -1.34634 -0.786647
-0.272239 -1.23618 -0.700677

-0.610191 -1.00838 -0.660221
-0.272239 -1.23618 -0.700677

-0.272239 -1.23618 -0.700677
0.0647107 -1.44718 -0.776377

0.086358 -1.13599 -0.640757
0.0647107 -1.44718 -0.776377

-0.272239 -1.23618 -0.700677
0.086358 -1.13599 -0.640757

0.435309 -1.00696 -0.62003
0.422393 -1.32701 -0.754839

0.422393 -1.32701 -0.754839
0.086358 -1.13599 -0.640757

0.086358 -1.13599 -0.640757
0.435309 -1.00696 -0.62003

0.435309 -1.00696 -0.62003
0.760175 -1.185 -0.760853

1.98408 -1.37565 -0.541525
1.79196 -1.7078 -0.45183

2.23231 -1.27454 -0.24176
2.18755 -1.4042 0.121722

2.18755 -1.4042 0.121722
2.04465 -1.56844 -0.220978

2.04465 -1.56844 -0.220978
2.23231 -1.27454 -0.24176

2.14732 -1.07705 -0.556784
2.23231 -1.27454 -0.24176

2.23231 -1.27454 -0.24176
1.98408 -1.37565 -0.541525

2.04465 -1.56844 -0.220978
1.98408 -1.37565 -0.541525

2.23231 -1.27454 -0.24176
2.3598 -1.10361 0.0751937

2.3598 -1.10361 0.0751937
2.18755 -1.4042 0.121722

-2.37062 -0.984309 -0.24598
-2.21988 -0.810283 -0.600419

-2.21988 -0.810283 -0.600419
-2.14694 -1.13557 -0.519019

-2.14694 -1.13557 -0.519019
-2.37062 -0.984309 -0.24598

-2.22702 -1.30731 -0.192632
-2.37062 -0.984309 -0.24598

-2.21988 -0.810283 -0.600419
-1.91649 -0.969345 -0.773641

-2.21988 -0.810283 -0.600419
-1.95288 -0.611855 -0.817862

-1.28963 -0.581037 -0.764448
-0.937993 -0.755494 -0.672864

-0.937993 -0.755494 -0.672864
-1.25488 -0.934481 -0.814662

-0.548226 -0.70783 -0.521764
-0.610191 -1.00838 -0.660221

-0.610191 -1.00838 -0.660221
-0.937993 -0.755494 -0.672864

-0.937993 -0.755494 -0.672864
-0.548226 -0.70783 -0.521764

-0.937993 -0.755494 -0.672864
-0.930969 -1.11796 -0.779108

-0.242395 -0.929544 -0.553156
-0.610191 -1.00838 -0.660221

-0.548226 -0.70783 -0.521764
-0.242395 -0.929544 -0.553156

-0.242395 -0.929544 -0.553156
-0.272239 -1.23618 -0.700677

0.110583 -0.823982 -0.490722
0.086358 -1.13599 -0.640757

0.086358 -1.13599 -0.640757
-0.242395 -0.929544 -0.553156

-0.242395 -0.929544 -0.553156
0.110583 -0.823982 -0.490722

0.465485 -0.68789 -0.490288
0.435309 -1.00696 -0.62003

0.435309 -1.00696 -0.62003
0.110583 -0.823982 -0.490722

0.110583 -0.823982 -0.490722
0.465485 -0.68789 -0.490288

0.780579 -0.857827 -0.650639
0.760175 -1.185 -0.760853

0.435309 -1.00696 -0.62003
0.780579 -0.857827 -0.650639

0.465485 -0.68789 -0.490288
0.780579 -0.857827 -0.650639

0.780579 -0.857827 -0.650639
1.10529 -1.04327 -0.800721

0.780579 -0.857827 -0.650639
1.10751 -0.701374 -0.720703

2.14732 -1.07705 -0.556784
2.37569 -0.943581 -0.28319

2.37569 -0.943581 -0.28319
2.23231 -1.27454 -0.24176

2.28316 -0.707575 -0.571316
2.14732 -1.07705 -0.556784

2.0187 -0.825185 -0.755811
2.28316 -0.707575 -0.571316

2.48656 -0.784357 0.042357
2.3598 -1.10361 0.0751937

2.3598 -1.10361 0.0751937
2.37569 -0.943581 -0.28319

2.37569 -0.943581 -0.28319
2.48656 -0.784357 0.042357

-2.57598 -0.345094 -0.100797
-2.4733 -0.272579 -0.424063

-2.4733 -0.272579 -0.424063
-2.42707 -0.619454 -0.393893

-2.42707 -0.619454 -0.393893
-2.57598 -0.345094 -0.100797

-2.24365 -0.442138 -0.675784
-2.42707 -0.619454 -0.393893

-2.4733 -0.272579 -0.424063
-2.24365 -0.442138 -0.675784

-2.21988 -0.810283 -0.600419
-2.42707 -0.619454 -0.393893

-2.24365 -0.442138 -0.675784
-2.21988 -0.810283 -0.600419

-2.4733 -0.272579 -0.424063
-2.25836 -0.0789254 -0.698209

-2.37062 -0.984309 -0.24598
-2.42707 -0.619454 -0.393893

-1.28963 -0.581037 -0.764448
-1.06221 -0.348849 -0.631738

-1.06221 -0.348849 -0.631738
-0.937993 -0.755494 -0.672864

-1.35873 -0.194204 -0.748075
-1.06221 -0.348849 -0.631738

-0.782274 -0.466383 -0.529668
-0.937993 -0.755494 -0.672864

-1.06221 -0.348849 -0.631738
-0.782274 -0.466383 -0.529668

-0.782274 -0.466383 -0.529668
-0.548226 -0.70783 -0.521764

-0.483915 -0.344061 -0.389494
-0.548226 -0.70783 -0.521764

-0.782274 -0.466383 -0.529668
-0.483915 -0.344061 -0.389494

-0.483915 -0.344061 -0.389494
-0.205779 -0.603628 -0.406177

-0.205779 -0.603628 -0.406177
-0.548226 -0.70783 -0.521764

-0.205779 -0.603628 -0.406177
-0.242395 -0.929544 -0.553156

-0.205779 -0.603628 -0.406177
0.110583 -0.823982 -0.490722

-0.205779 -0.603628 -0.406177
0.147332 -0.504095 -0.363734

0.147332 -0.504095 -0.363734
0.110583 -0.823982 -0.490722

0.147332 -0.504095 -0.363734
0.465485 -0.68789 -0.490288

0.504081 -0.354979 -0.397565
0.465485 -0.68789 -0.490288

0.147332 -0.504095 -0.363734
0.504081 -0.354979 -0.397565

0.803538 -0.519973 -0.55126
0.465485 -0.68789 -0.490288

0.504081 -0.354979 -0.397565
0.803538 -0.519973 -0.55126

1.10379 -0.332639 -0.647585
1.10751 -0.701374 -0.720703

1.10751 -0.701374 -0.720703
0.803538 -0.519973 -0.55126

0.803538 -0.519973 -0.55126
1.10379 -0.332639 -0.647585

0.803538 -0.519973 -0.55126
0.780579 -0.857827 -0.650639

1.10379 -0.332639 -0.647585
1.39826 -0.512437 -0.790825

1.39826 -0.512437 -0.790825
1.10751 -0.701374 -0.720703

1.39826 -0.512437 -0.790825
1.68897 -0.3329 -0.846963

2.28316 -0.707575 -0.571316
2.37569 -0.943581 -0.28319

2.06484 -0.453959 -0.791331
2.28316 -0.707575 -0.571316

2.4816 -0.589236 -0.297444
2.37569 -0.943581 -0.28319

2.28316 -0.707575 -0.571316
2.4816 -0.589236 -0.297444

2.4816 -0.589236 -0.297444
2.48656 -0.784357 0.042357

-2.59643 0.0115493 -0.116394
-2.47776 0.0547633 -0.440833

-2.47776 0.0547633 -0.440833
-2.4733 -0.272579 -0.424063

-2.4733 -0.272579 -0.424063
-2.59643 0.0115493 -0.116394

-2.57598 -0.345094 -0.100797
-2.59643 0.0115493 -0.116394

-2.25836 -0.0789254 -0.698209
-2.47776 0.0547633 -0.440833

-2.47776 0.0547633 -0.440833
-2.30159 0.294477 -0.644044

-1.35873 -0.194204 -0.748075
-1.06279 0.0310993 -0.605248

-1.06279 0.0310993 -0.605248
-1.06221 -0.348849 -0.631738

-1.38292 0.162045 -0.756293
-1.06279 0.0310993 -0.605248

-0.779466 -0.101919 -0.47126
-1.06221 -0.348849 -0.631738

-1.06279 0.0310993 -0.605248
-0.779466 -0.101919 -0.47126

-0.779466 -0.101919 -0.47126
-0.782274 -0.466383 -0.529668

-0.779466 -0.101919 -0.47126
-0.483915 -0.344061 -0.389494

-0.779466 -0.101919 -0.47126
-0.468404 0.0224606 -0.346304

-0.468404 0.0224606 -0.346304
-0.483915 -0.344061 -0.389494

0.825963 -0.155154 -0.495339
0.803538 -0.519973 -0.55126

0.504081 -0.354979 -0.397565
0.825963 -0.155154 -0.495339

0.825963 -0.155154 -0.495339
1.10379 -0.332639 -0.647585

0.79918 0.233116 -0.49211
1.09354 0.0594659 -0.619821

1.09354 0.0594659 -0.619821
0.825963 -0.155154 -0.495339

0.825963 -0.155154 -0.495339
0.79918 0.233116 -0.49211

1.09354 0.0594659 -0.619821
1.10379 -0.332639 -0.647585

1.37536 -0.125652 -0.750645
1.39826 -0.512437 -0.790825

1.10379 -0.332639 -0.647585
1.37536 -0.125652 -0.750645

1.09354 0.0594659 -0.619821
1.37536 -0.125652 -0.750645

1.37536 -0.125652 -0.750645
1.68897 -0.3329 -0.846963

1.37536 -0.125652 -0.750645
1.62291 0.0743146 -0.82973

2.36425 -0.350132 -0.57126
2.28316 -0.707575 -0.571316

2.54926 -0.211315 -0.276751
2.4816 -0.589236 -0.297444

2.4816 -0.589236 -0.297444
2.36425 -0.350132 -0.57126

2.36425 -0.350132 -0.57126
2.54926 -0.211315 -0.276751

2.44249 0.0373559 -0.500659
2.54926 -0.211315 -0.276751

-2.59643 0.0115493 -0.116394
-2.51141 0.366967 -0.320806

-2.51141 0.366967 -0.320806
-2.47776 0.0547633 -0.440833

-2.59643 0.0115493 -0.116394
-2.57648 0.385131 0.00914769

-2.57648 0.385131 0.00914769
-2.51141 0.366967 -0.320806

-2.30159 0.294477 -0.644044
-2.51141 0.366967 -0.320806

-2.51141 0.366967 -0.320806
-2.34774 0.635389 -0.511766

-1.38292 0.162045 -0.756293
-1.06036 0.374355 -0.635588

-1.06036 0.374355 -0.635588
-1.06279 0.0310993 -0.605248

-1.38146 0.484452 -0.78336
-1.06036 0.374355 -0.635588

-0.734453 0.277241 -0.471222
-0.779466 -0.101919 -0.47126

-1.06279 0.0310993 -0.605248
-0.734453 0.277241 -0.471222

-1.06036 0.374355 -0.635588
-0.734453 0.277241 -0.471222

-0.734453 0.277241 -0.471222
-0.468404 0.0224606 -0.346304

-0.530305 0.601701 -0.479298
-0.338929 0.366823 -0.356609

-0.338929 0.366823 -0.356609
-0.734453 0.277241 -0.471222

-0.734453 0.277241 -0.471222
-0.530305 0.601701 -0.479298

-0.338929 0.366823 -0.356609
-0.468404 0.0224606 -0.346304

-0.530305 0.601701 -0.479298
-0.119798 0.690156 -0.433935

-0.119798 0.690156 -0.433935
-0.338929 0.366823 -0.356609

0.319503 0.640824 -0.44027
0.693912 0.604001 -0.53447

0.693912 0.604001 -0.53447
0.472863 0.355682 -0.388988

0.472863 0.355682 -0.388988
0.319503 0.640824 -0.44027

0.79918 0.233116 -0.49211
0.693912 0.604001 -0.53447

0.693912 0.604001 -0.53447
1.0404 0.4543 -0.639837

1.0404 0.4543 -0.639837
0.79918 0.233116 -0.49211

1.0404 0.4543 -0.639837
1.09354 0.0594659 -0.619821

0.79918 0.233116 -0.49211
0.472863 0.355682 -0.388988

1.33288 0.294699 -0.744391
1.09354 0.0594659 -0.619821

1.0404 0.4543 -0.639837
1.33288 0.294699 -0.744391

1.33288 0.294699 -0.744391
1.37536 -0.125652 -0.750645

1.62291 0.0743146 -0.82973
1.33288 0.294699 -0.744391

1.33288 0.294699 -0.744391
1.62517 0.44484 -0.841734

2.45765 0.405325 -0.422558
2.25416 0.608799 -0.631506

2.25416 0.608799 -0.631506
2.40377 0.776437 -0.352621

2.40377 0.776437 -0.352621
2.45765 0.405325 -0.422558

2.45765 0.405325 -0.422558
2.23576 0.281588 -0.704799

2.45765 0.405325 -0.422558
2.57846 0.177769 -0.187407

2.57846 0.177769 -0.187407
2.44249 0.0373559 -0.500659

2.44249 0.0373559 -0.500659
2.45765 0.405325 -0.422558

-2.48425 0.712651 -0.17636
-2.51141 0.366967 -0.320806

-2.57648 0.385131 0.00914769
-2.48425 0.712651 -0.17636

-2.48425 0.712651 -0.17636
-2.34774 0.635389 -0.511766

-2.48425 0.712651 -0.17636
-2.32055 0.996966 -0.348289

-2.32055 0.996966 -0.348289
-2.34774 0.635389 -0.511766

-2.32055 0.996966 -0.348289
-2.14532 0.886798 -0.64256

-2.32055 0.996966 -0.348289
-2.1029 1.26256 -0.480709

-2.1029 1.26256 -0.480709
-2.14532 0.886798 -0.64256

-1.91878 1.144 -0.717357
-2.14532 0.886798 -0.64256

-2.1029 1.26256 -0.480709
-1.91878 1.144 -0.717357

-1.15405 0.746511 -0.749398
-1.06036 0.374355 -0.635588

-0.843673 0.651771 -0.607176
-1.15405 0.746511 -0.749398

-0.95885 1.03377 -0.763588
-0.843673 0.651771 -0.607176

-0.843673 0.651771 -0.607176
-1.06036 0.374355 -0.635588

-0.843673 0.651771 -0.607176
-0.734453 0.277241 -0.471222

-0.661858 0.958627 -0.655456
-0.530305 0.601701 -0.479298

-0.530305 0.601701 -0.479298
-0.843673 0.651771 -0.607176

-0.843673 0.651771 -0.607176
-0.661858 0.958627 -0.655456

-0.530305 0.601701 -0.479298
-0.35817 0.889633 -0.554498

-0.35817 0.889633 -0.554498
-0.119798 0.690156 -0.433935

-0.0889247 1.07422 -0.61299
0.172812 0.890609 -0.528958

0.172812 0.890609 -0.528958
-0.119798 0.690156 -0.433935

-0.119798 0.690156 -0.433935
-0.0889247 1.07422 -0.61299

-0.35817 0.889633 -0.554498
-0.0889247 1.07422 -0.61299

0.319503 0.640824 -0.44027
0.545527 0.929844 -0.612582

0.545527 0.929844 -0.612582
0.693912 0.604001 -0.53447

0.319503 0.640824 -0.44027
0.172812 0.890609 -0.528958

0.172812 0.890609 -0.528958
0.545527 0.929844 -0.612582

0.25915 1.19702 -0.683529
0.172812 0.890609 -0.528958

-0.0889247 1.07422 -0.61299
0.25915 1.19702 -0.683529

0.945463 0.794506 -0.687635
0.693912 0.604001 -0.53447

0.545527 0.929844 -0.612582
0.945463 0.794506 -0.687635

0.945463 0.794506 -0.687635
1.0404 0.4543 -0.639837

0.945463 0.794506 -0.687635
1.30163 0.70113 -0.787795

1.30163 0.70113 -0.787795
1.0404 0.4543 -0.639837

1.30163 0.70113 -0.787795
1.33288 0.294699 -0.744391

0.945463 0.794506 -0.687635
1.17429 1.07428 -0.822154

2.25416 0.608799 -0.631506
2.15992 0.937109 -0.6106

2.15992 0.937109 -0.6106
2.40377 0.776437 -0.352621

2.28119 1.11801 -0.318902
2.40377 0.776437 -0.352621

2.15992 0.937109 -0.6106
2.28119 1.11801 -0.318902

2.44576 0.901302 -0.0239623
2.54323 0.547577 -0.0932023

2.54323 0.547577 -0.0932023
2.40377 0.776437 -0.352621

2.40377 0.776437 -0.352621
2.44576 0.901302 -0.0239623

-2.22925 1.31944 -0.14582
-1.99688 1.56047 -0.327884

-1.99688 1.56047 -0.327884
-2.1029 1.26256 -0.480709

-2.1029 1.26256 -0.480709
-2.22925 1.31944 -0.14582

-2.32055 0.996966 -0.348289
-2.22925 1.31944 -0.14582

-1.99688 1.56047 -0.327884
-1.78883 1.4921 -0.634109

-1.78883 1.4921 -0.634109
-2.1029 1.26256 -0.480709

-0.410487 1.23429 -0.718278
-0.661858 0.958627 -0.655456

-0.731512 1.32654 -0.800675
-0.410487 1.23429 -0.718278

-0.410487 1.23429 -0.718278
-0.35817 0.889633 -0.554498

-0.35817 0.889633 -0.554498
-0.661858 0.958627 -0.655456

-0.0881293 1.39328 -0.758092
-0.0889247 1.07422 -0.61299

-0.0889247 1.07422 -0.61299
-0.410487 1.23429 -0.718278

-0.410487 1.23429 -0.718278
-0.0881293 1.39328 -0.758092

-0.0881293 1.39328 -0.758092
0.25915 1.19702 -0.683529

0.25915 1.19702 -0.683529
0.545527 0.929844 -0.612582

0.835884 1.10456 -0.753278
0.545527 0.929844 -0.612582

0.545527 0.929844 -0.612582
0.585865 1.30149 -0.76985

0.835884 1.10456 -0.753278
0.945463 0.794506 -0.687635

0.25915 1.19702 -0.683529
0.585865 1.30149 -0.76985

2.15992 0.937109 -0.6106
2.0329 1.28487 -0.550635

2.0329 1.28487 -0.550635
2.28119 1.11801 -0.318902

2.29926 1.22764 0.0167224
2.44576 0.901302 -0.0239623

2.44576 0.901302 -0.0239623
2.28119 1.11801 -0.318902

2.28119 1.11801 -0.318902
2.29926 1.22764 0.0167224

-2.06616 1.58083 0.067269
-1.99688 1.56047 -0.327884

-2.22925 1.31944 -0.14582
-2.06616 1.58083 0.067269

-1.72297 1.81352 -0.39689
-1.78883 1.4921 -0.634109

-1.99688 1.56047 -0.327884
-1.72297 1.81352 -0.39689

-2.06616 1.58083 0.067269
-1.87371 1.80126 -0.0876817

-1.87371 1.80126 -0.0876817
-1.99688 1.56047 -0.327884

-1.87371 1.80126 -0.0876817
-1.72297 1.81352 -0.39689

-1.72297 1.81352 -0.39689
-1.50618 1.76959 -0.639653

-0.437602 1.58533 -0.834798
-0.410487 1.23429 -0.718278

-0.0881293 1.39328 -0.758092
-0.437602 1.58533 -0.834798

0.585865 1.30149 -0.76985
0.269748 1.52491 -0.810765

0.269748 1.52491 -0.810765
0.25915 1.19702 -0.683529

1.57802 1.67942 -0.659758
1.67556 1.89413 -0.343488

1.67556 1.89413 -0.343488
1.87307 1.59916 -0.467461

1.92551 1.74163 -0.12095
1.87307 1.59916 -0.467461

1.67556 1.89413 -0.343488
1.92551 1.74163 -0.12095

1.92551 1.74163 -0.12095
2.12511 1.45049 -0.225949

2.12511 1.45049 -0.225949
1.87307 1.59916 -0.467461

2.12511 1.45049 -0.225949
2.0329 1.28487 -0.550635

2.12511 1.45049 -0.225949
2.28119 1.11801 -0.318902

2.12511 1.45049 -0.225949
2.29926 1.22764 0.0167224

-1.6307 2.0284 -0.047705
-1.72297 1.81352 -0.39689

-1.87371 1.80126 -0.0876817
-1.6307 2.0284 -0.047705

-1.45387 2.0694 -0.339472
-1.25363 2.02529 -0.576292

-1.50618 1.76959 -0.639653
-1.45387 2.0694 -0.339472

-1.6307 2.0284 -0.047705
-1.298 2.25388 -0.0690143

-1.298 2.25388 -0.0690143
-1.45387 2.0694 -0.339472

-1.45387 2.0694 -0.339472
-1.6307 2.0284 -0.047705

-1.45387 2.0694 -0.339472
-1.72297 1.81352 -0.39689

-1.07596 2.27315 -0.369932
-1.25363 2.02529 -0.576292

-1.45387 2.0694 -0.339472
-1.07596 2.27315 -0.369932

-1.07596 2.27315 -0.369932
-0.962338 2.02487 -0.711037

-0.754924 2.25912 -0.576273
-0.962338 2.02487 -0.711037

-1.07596 2.27315 -0.369932
-0.754924 2.25912 -0.576273

-0.754924 2.25912 -0.576273
-0.635784 1.95992 -0.812136

-0.754924 2.25912 -0.576273
-0.381527 2.20993 -0.710645

0.327097 2.24845 -0.687253
0.707581 2.24303 -0.611175

0.707581 2.24303 -0.611175
0.625936 2.00226 -0.797265

0.910505 2.35235 -0.355997
1.02192 2.07121 -0.654356

1.02192 2.07121 -0.654356
0.707581 2.24303 -0.611175

0.707581 2.24303 -0.611175
0.910505 2.35235 -0.355997

1.20108 2.20831 -0.374591
1.38609 1.97251 -0.541739

1.02192 2.07121 -0.654356
1.20108 2.20831 -0.374591

0.910505 2.35235 -0.355997
1.20108 2.20831 -0.374591

1.45379 2.13933 -0.169542
1.38609 1.97251 -0.541739

1.20108 2.20831 -0.374591
1.45379 2.13933 -0.169542

1.45379 2.13933 -0.169542
1.67556 1.89413 -0.343488

1.67556 1.89413 -0.343488
1.38609 1.97251 -0.541739

1.6927 1.97991 0.0378504
1.67556 1.89413 -0.343488

1.45379 2.13933 -0.169542
1.6927 1.97991 0.0378504

1.6927 1.97991 0.0378504
1.92551 1.74163 -0.12095

-0.978325 2.41336 0.00805235
-1.07596 2.27315 -0.369932

-1.07596 2.27315 -0.369932
-1.298 2.25388 -0.0690143

-1.298 2.25388 -0.0690143
-0.978325 2.41336 0.00805235

-0.751643 2.45128 -0.248129
-1.07596 2.27315 -0.369932

-0.978325 2.41336 0.00805235
-0.751643 2.45128 -0.248129

-0.751643 2.45128 -0.248129
-0.754924 2.25912 -0.576273

-0.455665 2.42193 -0.462019
-0.754924 2.25912 -0.576273

-0.751643 2.45128 -0.248129
-0.455665 2.42193 -0.462019

-0.455665 2.42193 -0.462019
-0.381527 2.20993 -0.710645

-0.455665 2.42193 -0.462019
-0.152629 2.51815 -0.353852

-0.152629 2.51815 -0.353852
-0.062082 2.33852 -0.62408

-0.062082 2.33852 -0.62408
-0.455665 2.42193 -0.462019

0.527715 2.44166 -0.404416
0.327097 2.24845 -0.687253

0.327097 2.24845 -0.687253
0.195829 2.48622 -0.411682

0.195829 2.48622 -0.411682
0.527715 2.44166 -0.404416

-0.062082 2.33852 -0.62408
0.195829 2.48622 -0.411682

0.527715 2.44166 -0.404416
0.707581 2.24303 -0.611175

0.725644 2.49372 -0.107483
0.910505 2.35235 -0.355997

0.910505 2.35235 -0.355997
0.527715 2.44166 -0.404416

0.527715 2.44166 -0.404416
0.725644 2.49372 -0.107483

1.12606 2.34812 -0.0375356
0.910505 2.35235 -0.355997

0.725644 2.49372 -0.107483
1.12606 2.34812 -0.0375356

1.12606 2.34812 -0.0375356
1.20108 2.20831 -0.374591

1.12606 2.34812 -0.0375356
1.45379 2.13933 -0.169542

-0.987145 -2.35287 0.297618
-0.929087 -2.43637 -0.0330663

-0.929087 -2.43637 -0.0330663
-0.647597 -2.50498 0.182238

-0.647597 -2.50498 0.182238
-0.987145 -2.35287 0.297618

-0.344232 -2.49721 0.370014
-0.647597 -2.50498 0.182238

-0.647597 -2.50498 0.182238
-0.336735 -2.58685 -0.000289644

-0.336735 -2.58685 -0.000289644
-0.344232 -2.49721 0.370014

-0.647597 -2.50498 0.182238
-0.650917 -2.49884 -0.200039

-0.650917 -2.49884 -0.200039
-0.635598 -2.35782 -0.502814

-0.0200667 -2.58616 0.188363
-0.344232 -2.49721 0.370014

-0.336735 -2.58685 -0.000289644
-0.0200667 -2.58616 0.188363

0.00670401 -2.58913 -0.173125
-0.0200667 -2.58616 0.188363

0.335143 -2.58734 0.00759569
-0.0200667 -2.58616 0.188363

0.292143 -2.51287 0.35146
-0.0200667 -2.58616 0.188363

0.335143 -2.58734 0.00759569
0.292143 -2.51287 0.35146

0.657223 -2.50685 0.165886
0.335143 -2.58734 0.00759569

0.685945 -2.49741 -0.170709
0.657223 -2.50685 0.165886

1.01127 -2.40433 -0.033167
0.657223 -2.50685 0.165886

0.685945 -2.49741 -0.170709
1.01127 -2.40433 -0.033167

0.657223 -2.50685 0.165886
0.292143 -2.51287 0.35146

0.871791 -2.21686 0.584816
0.591575 -2.38589 0.482415

0.591575 -2.38589 0.482415
0.960829 -2.36451 0.298134

0.960829 -2.36451 0.298134
0.871791 -2.21686 0.584816

-1.60345 -1.71755 0.619251
-1.88241 -1.69806 0.335545

-1.88241 -1.69806 0.335545
-1.59513 -1.95751 0.358635

-1.59513 -1.95751 0.358635
-1.60345 -1.71755 0.619251

-1.23609 -2.29636 -0.0118083
-1.30291 -2.17698 0.33257

-1.30291 -2.17698 0.33257
-1.53155 -2.11015 0.0251944

-1.53155 -2.11015 0.0251944
-1.23609 -2.29636 -0.0118083

-1.35162 -2.15076 -0.322242
-1.23609 -2.29636 -0.0118083

-1.53155 -2.11015 0.0251944
-1.35162 -2.15076 -0.322242

-1.53155 -2.11015 0.0251944
-1.65087 -1.94989 -0.284146

-1.65087 -1.94989 -0.284146
-1.35162 -2.15076 -0.322242

-0.650917 -2.49884 -0.200039
-0.929087 -2.43637 -0.0330663

-0.929087 -2.43637 -0.0330663
-1.01118 -2.31891 -0.346887

-1.01118 -2.31891 -0.346887
-0.650917 -2.49884 -0.200039

-0.929087 -2.43637 -0.0330663
-1.23609 -2.29636 -0.0118083

-1.23609 -2.29636 -0.0118083
-1.01118 -2.31891 -0.346887

1.00519 -2.31188 -0.367852
1.01127 -2.40433 -0.033167

1.31918 -2.2238 -0.189182
1.01127 -2.40433 -0.033167

1.29462 -2.24229 0.177012
0.960829 -2.36451 0.298134

0.960829 -2.36451 0.298134
1.01127 -2.40433 -0.033167

1.01127 -2.40433 -0.033167
1.29462 -2.24229 0.177012

1.31918 -2.2238 -0.189182
1.29462 -2.24229 0.177012

1.58542 -2.06992 0.053915
1.29462 -2.24229 0.177012

1.50305 -1.99462 0.416353
1.29462 -2.24229 0.177012

1.58542 -2.06992 0.053915
1.50305 -1.99462 0.416353

-1.85514 -1.46928 0.60045
-2.09849 -1.38374 0.381051

-2.09849 -1.38374 0.381051
-1.88241 -1.69806 0.335545

-1.88241 -1.69806 0.335545
-1.85514 -1.46928 0.60045

-1.80728 -1.87601 0.063209
-1.92209 -1.72043 -0.205334

-1.65087 -1.94989 -0.284146
-1.80728 -1.87601 0.063209

-1.53155 -2.11015 0.0251944
-1.80728 -1.87601 0.063209

-1.80728 -1.87601 0.063209
-2.08863 -1.55792 0.0471344

-2.08863 -1.55792 0.0471344
-1.92209 -1.72043 -0.205334

-1.80728 -1.87601 0.063209
-1.88241 -1.69806 0.335545

-1.88241 -1.69806 0.335545
-2.08863 -1.55792 0.0471344

1.7755 -1.83322 0.298404
1.50305 -1.99462 0.416353

1.58542 -2.06992 0.053915
1.7755 -1.83322 0.298404

1.82606 -1.85368 -0.102444
1.7755 -1.83322 0.298404

2.00025 -1.65602 0.138393
1.82606 -1.85368 -0.102444

2.04465 -1.56844 -0.220978
2.00025 -1.65602 0.138393

2.00025 -1.65602 0.138393
1.7755 -1.83322 0.298404

-2.08863 -1.55792 0.0471344
-2.22702 -1.30731 -0.192632

-2.0347 -1.46758 -0.388165
-2.08863 -1.55792 0.0471344

-2.08863 -1.55792 0.0471344
-2.09849 -1.38374 0.381051

-2.09849 -1.38374 0.381051
-2.29423 -1.22284 0.104334

-2.29423 -1.22284 0.104334
-2.08863 -1.55792 0.0471344

-2.29423 -1.22284 0.104334
-2.22702 -1.30731 -0.192632

2.18755 -1.4042 0.121722
2.00025 -1.65602 0.138393

2.18755 -1.4042 0.121722
1.94771 -1.50893 0.473264

1.94771 -1.50893 0.473264
2.00025 -1.65602 0.138393

2.1811 -1.21397 0.418134
1.94771 -1.50893 0.473264

2.18755 -1.4042 0.121722
2.1811 -1.21397 0.418134

2.3598 -1.10361 0.0751937
2.1811 -1.21397 0.418134

-2.35134 -0.718131 0.477235
-2.51339 -0.546042 0.230578

-2.51339 -0.546042 0.230578
-2.42061 -0.920482 0.161634

-2.42061 -0.920482 0.161634
-2.35134 -0.718131 0.477235

-2.29423 -1.22284 0.104334
-2.37062 -0.984309 -0.24598

-2.29423 -1.22284 0.104334
-2.42061 -0.920482 0.161634

-2.42061 -0.920482 0.161634
-2.37062 -0.984309 -0.24598

-2.42061 -0.920482 0.161634
-2.50687 -0.695014 -0.0833183

-2.50687 -0.695014 -0.0833183
-2.37062 -0.984309 -0.24598

2.3598 -1.10361 0.0751937
2.33679 -0.904638 0.399779

2.33679 -0.904638 0.399779
2.1811 -1.21397 0.418134

2.48656 -0.784357 0.042357
2.33679 -0.904638 0.399779

-2.50687 -0.695014 -0.0833183
-2.51339 -0.546042 0.230578

-2.51339 -0.546042 0.230578
-2.57598 -0.345094 -0.100797

-2.57598 -0.345094 -0.100797
-2.50687 -0.695014 -0.0833183

-2.42707 -0.619454 -0.393893
-2.50687 -0.695014 -0.0833183

-2.51339 -0.546042 0.230578
-2.55844 -0.207999 0.246347

-2.55844 -0.207999 0.246347
-2.57598 -0.345094 -0.100797

-0.483915 -0.344061 -0.389494
-0.160114 -0.254527 -0.300964

-0.160114 -0.254527 -0.300964
-0.205779 -0.603628 -0.406177

0.191816 -0.175111 -0.292688
0.147332 -0.504095 -0.363734

0.147332 -0.504095 -0.363734
-0.160114 -0.254527 -0.300964

-0.160114 -0.254527 -0.300964
0.191816 -0.175111 -0.292688

0.191816 -0.175111 -0.292688
0.504081 -0.354979 -0.397565

2.4816 -0.589236 -0.297444
2.57124 -0.437125 0.00691369

2.57124 -0.437125 0.00691369
2.48656 -0.784357 0.042357

2.45824 -0.588592 0.354508
2.48656 -0.784357 0.042357

2.57124 -0.437125 0.00691369
2.45824 -0.588592 0.354508

2.45824 -0.588592 0.354508
2.33679 -0.904638 0.399779

2.57124 -0.437125 0.00691369
2.53396 -0.265382 0.30678

2.53396 -0.265382 0.30678
2.45824 -0.588592 0.354508

-2.55844 -0.207999 0.246347
-2.59643 0.0115493 -0.116394

-2.55844 -0.207999 0.246347
-2.56909 0.0981399 0.232176

-2.56909 0.0981399 0.232176
-2.59643 0.0115493 -0.116394

-0.160114 -0.254527 -0.300964
-0.468404 0.0224606 -0.346304

-0.468404 0.0224606 -0.346304
-0.121084 0.0882006 -0.277253

-0.121084 0.0882006 -0.277253
-0.160114 -0.254527 -0.300964

0.191816 -0.175111 -0.292688
-0.121084 0.0882006 -0.277253

-0.121084 0.0882006 -0.277253
0.22181 0.154031 -0.295143

0.22181 0.154031 -0.295143
0.191816 -0.175111 -0.292688

0.537131 -0.0065154 -0.368379
0.504081 -0.354979 -0.397565

0.191816 -0.175111 -0.292688
0.537131 -0.0065154 -0.368379

0.22181 0.154031 -0.295143
0.537131 -0.0065154 -0.368379

0.537131 -0.0065154 -0.368379
0.825963 -0.155154 -0.495339

0.79918 0.233116 -0.49211
0.537131 -0.0065154 -0.368379

0.537131 -0.0065154 -0.368379
0.472863 0.355682 -0.388988

2.60543 -0.0515034 0.055619
2.54926 -0.211315 -0.276751

2.54926 -0.211315 -0.276751
2.57846 0.177769 -0.187407

2.57846 0.177769 -0.187407
2.60543 -0.0515034 0.055619

2.54926 -0.211315 -0.276751
2.57124 -0.437125 0.00691369

2.60543 -0.0515034 0.055619
2.53396 -0.265382 0.30678

2.57124 -0.437125 0.00691369
2.60543 -0.0515034 0.055619

-2.56909 0.0981399 0.232176
-2.57648 0.385131 0.00914769

-2.56909 0.0981399 0.232176
-2.4857 0.373683 0.377591

-2.4857 0.373683 0.377591
-2.57648 0.385131 0.00914769

-0.338929 0.366823 -0.356609
-0.121084 0.0882006 -0.277253

0.048326 0.431237 -0.335794
-0.338929 0.366823 -0.356609

-0.119798 0.690156 -0.433935
0.048326 0.431237 -0.335794

0.048326 0.431237 -0.335794
0.22181 0.154031 -0.295143

-0.121084 0.0882006 -0.277253
0.048326 0.431237 -0.335794

0.22181 0.154031 -0.295143
0.472863 0.355682 -0.388988

0.048326 0.431237 -0.335794
0.472863 0.355682 -0.388988

0.048326 0.431237 -0.335794
0.319503 0.640824 -0.44027

2.45765 0.405325 -0.422558
2.54323 0.547577 -0.0932023

2.54323 0.547577 -0.0932023
2.57846 0.177769 -0.187407

2.57074 0.302593 0.173028
2.57846 0.177769 -0.187407

2.54323 0.547577 -0.0932023
2.57074 0.302593 0.173028

2.57074 0.302593 0.173028
2.60543 -0.0515034 0.055619

-2.48607 0.700005 0.186532
-2.57648 0.385131 0.00914769

-2.4857 0.373683 0.377591
-2.48607 0.700005 0.186532

-2.48607 0.700005 0.186532
-2.39334 1.02768 0.00816569

-2.39334 1.02768 0.00816569
-2.48425 0.712651 -0.17636

-2.48425 0.712651 -0.17636
-2.48607 0.700005 0.186532

-2.39334 1.02768 0.00816569
-2.32055 0.996966 -0.348289

0.319503 0.640824 -0.44027
-0.119798 0.690156 -0.433935

2.48088 0.645329 0.26175
2.44576 0.901302 -0.0239623

2.44576 0.901302 -0.0239623
2.34898 0.972516 0.317514

2.34898 0.972516 0.317514
2.48088 0.645329 0.26175

2.48088 0.645329 0.26175
2.54323 0.547577 -0.0932023

2.48088 0.645329 0.26175
2.57074 0.302593 0.173028

-2.33262 0.656101 0.527268
-2.32168 0.987035 0.357429

-2.32168 0.987035 0.357429
-2.48607 0.700005 0.186532

-2.48607 0.700005 0.186532
-2.33262 0.656101 0.527268

-2.39334 1.02768 0.00816569
-2.22925 1.31944 -0.14582

-2.39334 1.02768 0.00816569
-2.32168 0.987035 0.357429

-2.32168 0.987035 0.357429
-2.2192 1.30133 0.223557

-2.2192 1.30133 0.223557
-2.39334 1.02768 0.00816569

-2.2192 1.30133 0.223557
-2.22925 1.31944 -0.14582

2.34898 0.972516 0.317514
2.29926 1.22764 0.0167224

2.29926 1.22764 0.0167224
2.18319 1.27718 0.347082

2.18319 1.27718 0.347082
2.34898 0.972516 0.317514

-2.2192 1.30133 0.223557
-2.06616 1.58083 0.067269

-1.96698 1.53195 0.415625
-2.06616 1.58083 0.067269

-2.2192 1.30133 0.223557
-1.96698 1.53195 0.415625

-1.79634 1.8264 0.257842
-1.87371 1.80126 -0.0876817

-2.06616 1.58083 0.067269
-1.79634 1.8264 0.257842

-1.96698 1.53195 0.415625
-1.79634 1.8264 0.257842

2.09519 1.52836 0.142473
1.92551 1.74163 -0.12095

1.92551 1.74163 -0.12095
1.87759 1.74432 0.259948

1.87759 1.74432 0.259948
2.09519 1.52836 0.142473

2.09519 1.52836 0.142473
2.12511 1.45049 -0.225949

2.09519 1.52836 0.142473
2.29926 1.22764 0.0167224

2.09519 1.52836 0.142473
2.18319 1.27718 0.347082

-1.79634 1.8264 0.257842
-1.6307 2.0284 -0.047705

-1.55528 1.89597 0.483934
-1.47033 2.1069 0.233905

-1.47033 2.1069 0.233905
-1.79634 1.8264 0.257842

-1.79634 1.8264 0.257842
-1.55528 1.89597 0.483934

-1.47033 2.1069 0.233905
-1.298 2.25388 -0.0690143

-1.6307 2.0284 -0.047705
-1.47033 2.1069 0.233905

1.45379 2.13933 -0.169542
1.37741 2.18701 0.180598

1.37741 2.18701 0.180598
1.6927 1.97991 0.0378504

1.57036 1.96274 0.378576
1.6927 1.97991 0.0378504

1.37741 2.18701 0.180598
1.57036 1.96274 0.378576

1.87759 1.74432 0.259948
1.6927 1.97991 0.0378504

1.57036 1.96274 0.378576
1.87759 1.74432 0.259948

-1.15196 2.27397 0.293302
-0.978325 2.41336 0.00805235

-1.298 2.25388 -0.0690143
-1.15196 2.27397 0.293302

-1.47033 2.1069 0.233905
-1.15196 2.27397 0.293302

-0.806629 2.38063 0.375702
-0.978325 2.41336 0.00805235

-1.15196 2.27397 0.293302
-0.806629 2.38063 0.375702

-0.806629 2.38063 0.375702
-0.627384 2.51718 0.125823

-0.627384 2.51718 0.125823
-0.978325 2.41336 0.00805235

-0.627384 2.51718 0.125823
-0.751643 2.45128 -0.248129

-0.627384 2.51718 0.125823
-0.403595 2.56373 -0.116194

-0.403595 2.56373 -0.116194
-0.751643 2.45128 -0.248129

-0.403595 2.56373 -0.116194
-0.455665 2.42193 -0.462019

-0.403595 2.56373 -0.116194
-0.152629 2.51815 -0.353852

-0.152629 2.51815 -0.353852
0.195829 2.48622 -0.411682

0.00129134 2.60081 -0.0731237
0.195829 2.48622 -0.411682

-0.152629 2.51815 -0.353852
0.00129134 2.60081 -0.0731237

0.358724 2.57441 -0.0892103
0.527715 2.44166 -0.404416

0.195829 2.48622 -0.411682
0.358724 2.57441 -0.0892103

0.358724 2.57441 -0.0892103
0.725644 2.49372 -0.107483

0.510365 2.52129 0.224896
0.725644 2.49372 -0.107483

0.358724 2.57441 -0.0892103
0.510365 2.52129 0.224896

0.862239 2.43644 0.179105
0.725644 2.49372 -0.107483

0.510365 2.52129 0.224896
0.862239 2.43644 0.179105

1.07972 2.27579 0.366581
1.12606 2.34812 -0.0375356

1.12606 2.34812 -0.0375356
0.862239 2.43644 0.179105

0.862239 2.43644 0.179105
1.07972 2.27579 0.366581

1.12606 2.34812 -0.0375356
1.37741 2.18701 0.180598

1.07972 2.27579 0.366581
1.37741 2.18701 0.180598

-0.232931 2.56742 0.203318
-0.403595 2.56373 -0.116194

-0.627384 2.51718 0.125823
-0.232931 2.56742 0.203318

-0.403595 2.56373 -0.116194
0.00129134 2.60081 -0.0731237

-0.232931 2.56742 0.203318
0.00129134 2.60081 -0.0731237

0.148303 2.56143 0.246404
0.358724 2.57441 -0.0892103

0.358724 2.57441 -0.0892103
0.00129134 2.60081 -0.0731237

0.00129134 2.60081 -0.0731237
0.148303 2.56143 0.246404

0.148303 2.56143 0.246404
0.510365 2.52129 0.224896

-0.361883 -2.27316 0.667689
-0.680023 -2.34468 0.506621

-0.680023 -2.34468 0.506621
-0.344232 -2.49721 0.370014

-0.344232 -2.49721 0.370014
-0.361883 -2.27316 0.667689

-0.647597 -2.50498 0.182238
-0.680023 -2.34468 0.506621

-0.680023 -2.34468 0.506621
-0.987145 -2.35287 0.297618

-0.0325153 -2.42389 0.53131
-0.344232 -2.49721 0.370014

-0.0200667 -2.58616 0.188363
-0.0325153 -2.42389 0.53131

-0.0325153 -2.42389 0.53131
-0.361883 -2.27316 0.667689

0.591575 -2.38589 0.482415
0.281213 -2.29275 0.660486

0.281213 -2.29275 0.660486
0.292143 -2.51287 0.35146

0.292143 -2.51287 0.35146
0.591575 -2.38589 0.482415

0.281213 -2.29275 0.660486
-0.0325153 -2.42389 0.53131

-0.0325153 -2.42389 0.53131
0.292143 -2.51287 0.35146

0.591575 -2.38589 0.482415
0.657223 -2.50685 0.165886

0.657223 -2.50685 0.165886
0.960829 -2.36451 0.298134

-1.59513 -1.95751 0.358635
-1.80728 -1.87601 0.063209

-1.53155 -2.11015 0.0251944
-1.59513 -1.95751 0.358635

-1.30291 -2.17698 0.33257
-1.59513 -1.95751 0.358635

-1.30291 -2.17698 0.33257
-1.3133 -1.9469 0.620956

-1.3133 -1.9469 0.620956
-1.59513 -1.95751 0.358635

-1.3133 -1.9469 0.620956
-1.60345 -1.71755 0.619251

-0.987145 -2.35287 0.297618
-1.23609 -2.29636 -0.0118083

-0.987145 -2.35287 0.297618
-1.30291 -2.17698 0.33257

-1.00734 -2.15289 0.589743
-1.30291 -2.17698 0.33257

-0.987145 -2.35287 0.297618
-1.00734 -2.15289 0.589743

-0.680023 -2.34468 0.506621
-1.00734 -2.15289 0.589743

0.591575 -2.38589 0.482415
0.594095 -2.11164 0.751069

0.594095 -2.11164 0.751069
0.281213 -2.29275 0.660486

0.970789 -1.94635 0.762515
0.594095 -2.11164 0.751069

0.594095 -2.11164 0.751069
0.871791 -2.21686 0.584816

0.871791 -2.21686 0.584816
0.970789 -1.94635 0.762515

1.1989 -2.12729 0.506828
0.960829 -2.36451 0.298134

1.29462 -2.24229 0.177012
1.1989 -2.12729 0.506828

1.1989 -2.12729 0.506828
0.970789 -1.94635 0.762515

0.871791 -2.21686 0.584816
1.1989 -2.12729 0.506828

1.32116 -1.83239 0.704514
1.1989 -2.12729 0.506828

1.1989 -2.12729 0.506828
1.50305 -1.99462 0.416353

1.50305 -1.99462 0.416353
1.32116 -1.83239 0.704514

-1.60345 -1.71755 0.619251
-1.85514 -1.46928 0.60045

-1.60345 -1.71755 0.619251
-1.58866 -1.37506 0.799713

-1.58866 -1.37506 0.799713
-1.85514 -1.46928 0.60045

-1.60345 -1.71755 0.619251
-1.30266 -1.62087 0.809019

-1.30266 -1.62087 0.809019
-1.58866 -1.37506 0.799713

-1.3133 -1.9469 0.620956
-1.30266 -1.62087 0.809019

1.64914 -1.6795 0.616526
1.50305 -1.99462 0.416353

1.7755 -1.83322 0.298404
1.64914 -1.6795 0.616526

1.64914 -1.6795 0.616526
1.32116 -1.83239 0.704514

1.94771 -1.50893 0.473264
1.7755 -1.83322 0.298404

1.94771 -1.50893 0.473264
1.64914 -1.6795 0.616526

-1.85514 -1.46928 0.60045
-1.9212 -1.16015 0.714062

-1.9212 -1.16015 0.714062
-2.09849 -1.38374 0.381051

-1.9212 -1.16015 0.714062
-2.22679 -1.08261 0.449591

-2.22679 -1.08261 0.449591
-2.09849 -1.38374 0.381051

-2.22679 -1.08261 0.449591
-2.29423 -1.22284 0.104334

-1.58866 -1.37506 0.799713
-1.9212 -1.16015 0.714062

1.68621 -1.34382 0.773119
1.64914 -1.6795 0.616526

1.94771 -1.50893 0.473264
1.68621 -1.34382 0.773119

1.94633 -1.19796 0.682321
1.68621 -1.34382 0.773119

1.94771 -1.50893 0.473264
1.94633 -1.19796 0.682321

2.09363 -0.903075 0.686731
1.94633 -1.19796 0.682321

1.94633 -1.19796 0.682321
2.1811 -1.21397 0.418134

2.1811 -1.21397 0.418134
2.09363 -0.903075 0.686731

-2.22679 -1.08261 0.449591
-2.42061 -0.920482 0.161634

-2.22679 -1.08261 0.449591
-2.35134 -0.718131 0.477235

-2.10957 -0.871241 0.682934
-2.35134 -0.718131 0.477235

-2.22679 -1.08261 0.449591
-2.10957 -0.871241 0.682934

2.09363 -0.903075 0.686731
2.33679 -0.904638 0.399779

2.33679 -0.904638 0.399779
2.24883 -0.589997 0.645484

2.24883 -0.589997 0.645484
2.09363 -0.903075 0.686731

-2.35134 -0.718131 0.477235
-2.13337 -0.53105 0.745954

-2.13337 -0.53105 0.745954
-2.38784 -0.348842 0.541878

-2.38784 -0.348842 0.541878
-2.35134 -0.718131 0.477235

-2.38784 -0.348842 0.541878
-2.51339 -0.546042 0.230578

-2.38784 -0.348842 0.541878
-2.55844 -0.207999 0.246347

-2.10957 -0.871241 0.682934
-2.13337 -0.53105 0.745954

-0.233737 -0.584561 0.405815
-0.194407 -0.246039 0.306684

-0.194407 -0.246039 0.306684
-0.52898 -0.327389 0.403433

-0.52898 -0.327389 0.403433
-0.233737 -0.584561 0.405815

0.120117 -0.482529 0.357158
0.144447 -0.15869 0.288012

0.144447 -0.15869 0.288012
-0.194407 -0.246039 0.306684

-0.194407 -0.246039 0.306684
0.120117 -0.482529 0.357158

-0.233737 -0.584561 0.405815
0.120117 -0.482529 0.357158

0.446618 -0.615131 0.460865
0.464328 -0.275588 0.371889

0.464328 -0.275588 0.371889
0.120117 -0.482529 0.357158

0.120117 -0.482529 0.357158
0.446618 -0.615131 0.460865

0.464328 -0.275588 0.371889
0.144447 -0.15869 0.288012

0.774196 -0.389673 0.510442
0.464328 -0.275588 0.371889

0.446618 -0.615131 0.460865
0.774196 -0.389673 0.510442

2.45824 -0.588592 0.354508
2.24883 -0.589997 0.645484

2.35923 -0.260479 0.593501
2.24883 -0.589997 0.645484

2.45824 -0.588592 0.354508
2.35923 -0.260479 0.593501

2.08265 -0.255459 0.801341
2.24883 -0.589997 0.645484

2.35923 -0.260479 0.593501
2.08265 -0.255459 0.801341

2.53396 -0.265382 0.30678
2.35923 -0.260479 0.593501

-2.38784 -0.348842 0.541878
-2.39572 0.0156953 0.563763

-2.39572 0.0156953 0.563763
-2.55844 -0.207999 0.246347

-2.39572 0.0156953 0.563763
-2.56909 0.0981399 0.232176

-0.764475 -0.0523281 0.46518
-0.52898 -0.327389 0.403433

-0.52898 -0.327389 0.403433
-0.416992 0.0347066 0.333918

-0.416992 0.0347066 0.333918
-0.764475 -0.0523281 0.46518

-0.194407 -0.246039 0.306684
-0.416992 0.0347066 0.333918

-0.050412 0.112576 0.277483
-0.194407 -0.246039 0.306684

0.144447 -0.15869 0.288012
-0.050412 0.112576 0.277483

-0.050412 0.112576 0.277483
-0.416992 0.0347066 0.333918

0.36395 0.0921319 0.32162
-0.050412 0.112576 0.277483

0.144447 -0.15869 0.288012
0.36395 0.0921319 0.32162

0.464328 -0.275588 0.371889
0.36395 0.0921319 0.32162

0.71257 -0.0208594 0.440592
0.464328 -0.275588 0.371889

0.774196 -0.389673 0.510442
0.71257 -0.0208594 0.440592

0.71257 -0.0208594 0.440592
0.36395 0.0921319 0.32162

2.26076 0.0802086 0.700875
2.35923 -0.260479 0.593501

2.35923 -0.260479 0.593501
2.49306 0.0619859 0.420634

2.49306 0.0619859 0.420634
2.26076 0.0802086 0.700875

2.26076 0.0802086 0.700875
2.08265 -0.255459 0.801341

2.53396 -0.265382 0.30678
2.49306 0.0619859 0.420634

2.60543 -0.0515034 0.055619
2.49306 0.0619859 0.420634

-2.39572 0.0156953 0.563763
-2.4857 0.373683 0.377591

-2.4857 0.373683 0.377591
-2.27813 0.343885 0.66252

-2.27813 0.343885 0.66252
-2.33262 0.656101 0.527268

-2.33262 0.656101 0.527268
-2.4857 0.373683 0.377591

-2.39572 0.0156953 0.563763
-2.27813 0.343885 0.66252

-2.02039 0.566569 0.799893
-2.33262 0.656101 0.527268

-2.27813 0.343885 0.66252
-2.02039 0.566569 0.799893

-0.578746 0.323443 0.420895
-0.764475 -0.0523281 0.46518

-0.416992 0.0347066 0.333918
-0.578746 0.323443 0.420895

-0.227905 0.391754 0.34464
-0.578746 0.323443 0.420895

-0.416992 0.0347066 0.333918
-0.227905 0.391754 0.34464

-0.050412 0.112576 0.277483
-0.227905 0.391754 0.34464

-0.050412 0.112576 0.277483
0.16777 0.394063 0.336848

0.16777 0.394063 0.336848
-0.227905 0.391754 0.34464

0.560203 0.345813 0.418176
0.16777 0.394063 0.336848

0.16777 0.394063 0.336848
0.36395 0.0921319 0.32162

0.36395 0.0921319 0.32162
0.560203 0.345813 0.418176

0.90476 0.244235 0.545158
0.560203 0.345813 0.418176

0.560203 0.345813 0.418176
0.71257 -0.0208594 0.440592

0.71257 -0.0208594 0.440592
0.90476 0.244235 0.545158

2.13023 0.429111 0.762617
2.26076 0.0802086 0.700875

2.26076 0.0802086 0.700875
2.40161 0.391667 0.516582

2.40161 0.391667 0.516582
2.13023 0.429111 0.762617

2.49306 0.0619859 0.420634
2.40161 0.391667 0.516582

2.49306 0.0619859 0.420634
2.57074 0.302593 0.173028

2.57074 0.302593 0.173028
2.40161 0.391667 0.516582

-2.33262 0.656101 0.527268
-2.13604 0.876375 0.657528

-2.13604 0.876375 0.657528
-2.32168 0.987035 0.357429

-1.86835 0.964151 0.797932
-2.13604 0.876375 0.657528

-2.13604 0.876375 0.657528
-2.02039 0.566569 0.799893

-2.02039 0.566569 0.799893
-1.86835 0.964151 0.797932

-0.227905 0.391754 0.34464
-0.406647 0.673706 0.475242

-0.406647 0.673706 0.475242
-0.578746 0.323443 0.420895

-0.0299653 0.692406 0.433587
-0.227905 0.391754 0.34464

0.16777 0.394063 0.336848
-0.0299653 0.692406 0.433587

-0.0299653 0.692406 0.433587
-0.406647 0.673706 0.475242

0.356865 0.666935 0.460918
-0.0299653 0.692406 0.433587

0.16777 0.394063 0.336848
0.356865 0.666935 0.460918

0.560203 0.345813 0.418176
0.356865 0.666935 0.460918

0.560203 0.345813 0.418176
0.729619 0.610326 0.552574

0.729619 0.610326 0.552574
0.356865 0.666935 0.460918

2.34898 0.972516 0.317514
2.27158 0.727606 0.578628

2.27158 0.727606 0.578628
2.48088 0.645329 0.26175

2.40161 0.391667 0.516582
2.27158 0.727606 0.578628

2.27158 0.727606 0.578628
2.13023 0.429111 0.762617

2.40161 0.391667 0.516582
2.48088 0.645329 0.26175

-1.86835 0.964151 0.797932
-2.07667 1.21352 0.550582

-2.07667 1.21352 0.550582
-2.13604 0.876375 0.657528

-2.07667 1.21352 0.550582
-2.32168 0.987035 0.357429

-2.07667 1.21352 0.550582
-2.2192 1.30133 0.223557

2.34898 0.972516 0.317514
2.10612 1.06291 0.608196

2.10612 1.06291 0.608196
2.27158 0.727606 0.578628

2.18319 1.27718 0.347082
2.10612 1.06291 0.608196

-1.79172 1.31614 0.727947
-1.96698 1.53195 0.415625

-1.96698 1.53195 0.415625
-2.07667 1.21352 0.550582

-2.07667 1.21352 0.550582
-1.79172 1.31614 0.727947

-1.6963 1.62414 0.617136
-1.96698 1.53195 0.415625

-1.79172 1.31614 0.727947
-1.6963 1.62414 0.617136

-1.6963 1.62414 0.617136
-1.79634 1.8264 0.257842

1.94952 1.42983 0.536534
1.87759 1.74432 0.259948

1.87759 1.74432 0.259948
1.72052 1.68752 0.546308

1.72052 1.68752 0.546308
1.94952 1.42983 0.536534

1.94952 1.42983 0.536534
2.09519 1.52836 0.142473

2.18319 1.27718 0.347082
1.94952 1.42983 0.536534

1.94952 1.42983 0.536534
2.10612 1.06291 0.608196

-1.6963 1.62414 0.617136
-1.55528 1.89597 0.483934

-1.35219 1.72867 0.747204
-1.55528 1.89597 0.483934

-1.6963 1.62414 0.617136
-1.35219 1.72867 0.747204

-1.25124 2.04131 0.564016
-1.55528 1.89597 0.483934

-1.35219 1.72867 0.747204
-1.25124 2.04131 0.564016

-1.25124 2.04131 0.564016
-1.47033 2.1069 0.233905

1.42176 1.76604 0.695081
1.57036 1.96274 0.378576

1.57036 1.96274 0.378576
1.26405 2.05 0.547612

1.26405 2.05 0.547612
1.42176 1.76604 0.695081

1.37741 2.18701 0.180598
1.26405 2.05 0.547612

1.72052 1.68752 0.546308
1.57036 1.96274 0.378576

1.42176 1.76604 0.695081
1.72052 1.68752 0.546308

-0.939614 2.15901 0.610365
-1.15196 2.27397 0.293302

-1.15196 2.27397 0.293302
-1.25124 2.04131 0.564016

-1.25124 2.04131 0.564016
-0.939614 2.15901 0.610365

-0.584372 2.22037 0.668927
-0.806629 2.38063 0.375702

-0.806629 2.38063 0.375702
-0.939614 2.15901 0.610365

-0.939614 2.15901 0.610365
-0.584372 2.22037 0.668927

-0.429547 2.43384 0.453364
-0.806629 2.38063 0.375702

-0.584372 2.22037 0.668927
-0.429547 2.43384 0.453364

-0.232196 2.20685 0.730829
-0.429547 2.43384 0.453364

-0.584372 2.22037 0.668927
-0.232196 2.20685 0.730829

-0.429547 2.43384 0.453364
-0.627384 2.51718 0.125823

0.141966 2.18719 0.749294
-0.0534347 2.4294 0.517031

-0.0534347 2.4294 0.517031
-0.232196 2.20685 0.730829

-0.232196 2.20685 0.730829
0.141966 2.18719 0.749294

-0.0534347 2.4294 0.517031
-0.429547 2.43384 0.453364

0.523531 2.15146 0.734515
0.330029 2.39988 0.527776

0.330029 2.39988 0.527776
0.141966 2.18719 0.749294

0.141966 2.18719 0.749294
0.523531 2.15146 0.734515

0.330029 2.39988 0.527776
-0.0534347 2.4294 0.517031

0.523531 2.15146 0.734515
0.704378 2.34589 0.489404

0.704378 2.34589 0.489404
0.330029 2.39988 0.527776

0.704378 2.34589 0.489404
0.510365 2.52129 0.224896

0.510365 2.52129 0.224896
0.330029 2.39988 0.527776

0.704378 2.34589 0.489404
0.862239 2.43644 0.179105

0.907283 2.1136 0.665963
1.07972 2.27579 0.366581

1.07972 2.27579 0.366581
0.704378 2.34589 0.489404

0.704378 2.34589 0.489404
0.907283 2.1136 0.665963

1.26405 2.05 0.547612
1.07972 2.27579 0.366581

0.907283 2.1136 0.665963
1.26405 2.05 0.547612

-0.429547 2.43384 0.453364
-0.232931 2.56742 0.203318

-0.0534347 2.4294 0.517031
-0.232931 2.56742 0.203318

-0.0534347 2.4294 0.517031
0.148303 2.56143 0.246404

0.148303 2.56143 0.246404
-0.232931 2.56742 0.203318

0.330029 2.39988 0.527776
0.148303 2.56143 0.246404

-0.686073 -2.07507 0.755659
-0.680023 -2.34468 0.506621

-0.361883 -2.27316 0.667689
-0.686073 -2.07507 0.755659

-0.0375687 -2.14293 0.780071
-0.361883 -2.27316 0.667689

-0.0325153 -2.42389 0.53131
-0.0375687 -2.14293 0.780071

-0.0375687 -2.14293 0.780071
-0.35369 -1.94483 0.840977

-0.35369 -1.94483 0.840977
-0.361883 -2.27316 0.667689

0.281213 -2.29275 0.660486
-0.0375687 -2.14293 0.780071

-1.00734 -2.15289 0.589743
-1.3133 -1.9469 0.620956

-0.999368 -1.85102 0.798966
-1.3133 -1.9469 0.620956

-1.00734 -2.15289 0.589743
-0.999368 -1.85102 0.798966

-0.686073 -2.07507 0.755659
-0.999368 -1.85102 0.798966

-1.00734 -2.15289 0.589743
-0.686073 -2.07507 0.755659

-0.686073 -2.07507 0.755659
-0.662773 -1.71978 0.856615

-0.662773 -1.71978 0.856615
-0.999368 -1.85102 0.798966

-0.35369 -1.94483 0.840977
-0.662773 -1.71978 0.856615

-0.686073 -2.07507 0.755659
-0.35369 -1.94483 0.840977

-0.0175593 -1.78049 0.855367
-0.35369 -1.94483 0.840977

-0.0375687 -2.14293 0.780071
-0.0175593 -1.78049 0.855367

0.290561 -1.96394 0.839135
0.281213 -2.29275 0.660486

0.594095 -2.11164 0.751069
0.290561 -1.96394 0.839135

0.290561 -1.96394 0.839135
-0.0375687 -2.14293 0.780071

0.290561 -1.96394 0.839135
-0.0175593 -1.78049 0.855367

0.656187 -1.78684 0.852885
0.594095 -2.11164 0.751069

0.970789 -1.94635 0.762515
0.656187 -1.78684 0.852885

0.656187 -1.78684 0.852885
0.290561 -1.96394 0.839135

1.32116 -1.83239 0.704514
0.970789 -1.94635 0.762515

1.02016 -1.62234 0.851398
0.656187 -1.78684 0.852885

0.970789 -1.94635 0.762515
1.02016 -1.62234 0.851398

1.32116 -1.83239 0.704514
1.02016 -1.62234 0.851398

-1.25888 -1.24544 0.854835
-1.58866 -1.37506 0.799713

-1.30266 -1.62087 0.809019
-1.25888 -1.24544 0.854835

-0.999368 -1.85102 0.798966
-1.30266 -1.62087 0.809019

-0.999368 -1.85102 0.798966
-0.965545 -1.48481 0.854817

-0.965545 -1.48481 0.854817
-1.30266 -1.62087 0.809019

-0.965545 -1.48481 0.854817
-1.25888 -1.24544 0.854835

-0.630459 -1.35227 0.794763
-0.965545 -1.48481 0.854817

-0.965545 -1.48481 0.854817
-0.662773 -1.71978 0.856615

-0.662773 -1.71978 0.856615
-0.630459 -1.35227 0.794763

-0.325549 -1.57446 0.828427
-0.662773 -1.71978 0.856615

-0.35369 -1.94483 0.840977
-0.325549 -1.57446 0.828427

-0.325549 -1.57446 0.828427
-0.630459 -1.35227 0.794763

-0.0175593 -1.78049 0.855367
-0.325549 -1.57446 0.828427

0.0228613 -1.43275 0.773429
-0.325549 -1.57446 0.828427

-0.0175593 -1.78049 0.855367
0.0228613 -1.43275 0.773429

0.339797 -1.61159 0.83717
-0.0175593 -1.78049 0.855367

0.290561 -1.96394 0.839135
0.339797 -1.61159 0.83717

0.339797 -1.61159 0.83717
0.0228613 -1.43275 0.773429

0.656187 -1.78684 0.852885
0.339797 -1.61159 0.83717

0.699346 -1.43876 0.826299
0.339797 -1.61159 0.83717

0.656187 -1.78684 0.852885
0.699346 -1.43876 0.826299

1.05441 -1.26976 0.837865
0.699346 -1.43876 0.826299

0.699346 -1.43876 0.826299
1.02016 -1.62234 0.851398

1.02016 -1.62234 0.851398
1.05441 -1.26976 0.837865

1.36687 -1.4978 0.82774
1.32116 -1.83239 0.704514

1.64914 -1.6795 0.616526
1.36687 -1.4978 0.82774

1.36687 -1.4978 0.82774
1.02016 -1.62234 0.851398

1.36687 -1.4978 0.82774
1.05441 -1.26976 0.837865

1.68621 -1.34382 0.773119
1.36687 -1.4978 0.82774

-1.57713 -1.02459 0.854708
-1.83033 -0.780984 0.837412

-1.83033 -0.780984 0.837412
-1.9212 -1.16015 0.714062

-1.9212 -1.16015 0.714062
-1.57713 -1.02459 0.854708

-1.25888 -1.24544 0.854835
-1.22782 -0.879034 0.801092

-1.22782 -0.879034 0.801092
-1.57713 -1.02459 0.854708

-1.57713 -1.02459 0.854708
-1.25888 -1.24544 0.854835

-1.58866 -1.37506 0.799713
-1.57713 -1.02459 0.854708

-0.927705 -1.1159 0.780645
-1.25888 -1.24544 0.854835

-0.965545 -1.48481 0.854817
-0.927705 -1.1159 0.780645

-0.927705 -1.1159 0.780645
-1.22782 -0.879034 0.801092

-0.630459 -1.35227 0.794763
-0.927705 -1.1159 0.780645

-0.599741 -1.0069 0.659898
-0.927705 -1.1159 0.780645

-0.630459 -1.35227 0.794763
-0.599741 -1.0069 0.659898

-0.292234 -1.23218 0.70381
-0.630459 -1.35227 0.794763

-0.325549 -1.57446 0.828427
-0.292234 -1.23218 0.70381

-0.292234 -1.23218 0.70381
-0.599741 -1.0069 0.659898

0.0228613 -1.43275 0.773429
-0.292234 -1.23218 0.70381

0.0552027 -1.10965 0.629867
-0.292234 -1.23218 0.70381

0.0228613 -1.43275 0.773429
0.0552027 -1.10965 0.629867

0.376953 -1.27527 0.731645
0.0228613 -1.43275 0.773429

0.339797 -1.61159 0.83717
0.376953 -1.27527 0.731645

0.376953 -1.27527 0.731645
0.0552027 -1.10965 0.629867

0.7251 -1.10221 0.727099
0.376953 -1.27527 0.731645

0.376953 -1.27527 0.731645
0.699346 -1.43876 0.826299

0.699346 -1.43876 0.826299
0.7251 -1.10221 0.727099

1.05419 -0.924295 0.76148
0.7251 -1.10221 0.727099

0.7251 -1.10221 0.727099
1.05441 -1.26976 0.837865

1.05441 -1.26976 0.837865
1.05419 -0.924295 0.76148

1.40005 -1.12442 0.856113
1.05419 -0.924295 0.76148

1.05441 -1.26976 0.837865
1.40005 -1.12442 0.856113

1.36687 -1.4978 0.82774
1.40005 -1.12442 0.856113

1.72607 -0.924295 0.844802
1.68621 -1.34382 0.773119

1.94633 -1.19796 0.682321
1.72607 -0.924295 0.844802

1.68621 -1.34382 0.773119
1.40005 -1.12442 0.856113

1.72607 -0.924295 0.844802
1.40005 -1.12442 0.856113

2.09363 -0.903075 0.686731
1.72607 -0.924295 0.844802

-1.9212 -1.16015 0.714062
-2.10957 -0.871241 0.682934

-1.83033 -0.780984 0.837412
-2.10957 -0.871241 0.682934

-1.49969 -0.640764 0.834274
-1.57713 -1.02459 0.854708

-1.22782 -0.879034 0.801092
-1.49969 -0.640764 0.834274

-1.49969 -0.640764 0.834274
-1.83033 -0.780984 0.837412

-0.90022 -0.763737 0.664365
-1.22782 -0.879034 0.801092

-0.927705 -1.1159 0.780645
-0.90022 -0.763737 0.664365

-0.90022 -0.763737 0.664365
-1.17073 -0.507485 0.709105

-1.17073 -0.507485 0.709105
-1.22782 -0.879034 0.801092

-0.599741 -1.0069 0.659898
-0.90022 -0.763737 0.664365

-0.575602 -0.669945 0.518888
-0.90022 -0.763737 0.664365

-0.599741 -1.0069 0.659898
-0.575602 -0.669945 0.518888

-0.262917 -0.906683 0.547918
-0.599741 -1.0069 0.659898

-0.292234 -1.23218 0.70381
-0.262917 -0.906683 0.547918

-0.262917 -0.906683 0.547918
-0.575602 -0.669945 0.518888

0.0905893 -0.795457 0.479304
-0.262917 -0.906683 0.547918

-0.262917 -0.906683 0.547918
0.0552027 -1.10965 0.629867

0.0552027 -1.10965 0.629867
0.0905893 -0.795457 0.479304

0.406855 -0.950345 0.591735
0.0552027 -1.10965 0.629867

0.376953 -1.27527 0.731645
0.406855 -0.950345 0.591735

0.406855 -0.950345 0.591735
0.0905893 -0.795457 0.479304

0.738979 -0.76278 0.605727
0.406855 -0.950345 0.591735

0.406855 -0.950345 0.591735
0.7251 -1.10221 0.727099

0.7251 -1.10221 0.727099
0.738979 -0.76278 0.605727

1.03348 -0.567563 0.662914
0.738979 -0.76278 0.605727

0.738979 -0.76278 0.605727
1.05419 -0.924295 0.76148

1.05419 -0.924295 0.76148
1.03348 -0.567563 0.662914

1.36375 -0.773761 0.81798
1.03348 -0.567563 0.662914

1.05419 -0.924295 0.76148
1.36375 -0.773761 0.81798

1.40005 -1.12442 0.856113
1.36375 -0.773761 0.81798

1.93188 -0.592789 0.829645
1.6047 -0.525464 0.844989

1.6047 -0.525464 0.844989
1.72607 -0.924295 0.844802

1.72607 -0.924295 0.844802
1.93188 -0.592789 0.829645

1.72607 -0.924295 0.844802
1.36375 -0.773761 0.81798

2.24883 -0.589997 0.645484
1.93188 -0.592789 0.829645

1.93188 -0.592789 0.829645
2.09363 -0.903075 0.686731

-2.13974 -0.182601 0.776087
-2.38784 -0.348842 0.541878

-2.13337 -0.53105 0.745954
-2.13974 -0.182601 0.776087

-1.83033 -0.780984 0.837412
-2.13337 -0.53105 0.745954

-2.13337 -0.53105 0.745954
-1.80746 -0.413155 0.856194

-1.80746 -0.413155 0.856194
-2.13974 -0.182601 0.776087

-1.83033 -0.780984 0.837412
-1.80746 -0.413155 0.856194

-1.44606 -0.279609 0.788959
-1.80746 -0.413155 0.856194

-1.80746 -0.413155 0.856194
-1.49969 -0.640764 0.834274

-1.49969 -0.640764 0.834274
-1.44606 -0.279609 0.788959

-1.17073 -0.507485 0.709105
-1.49969 -0.640764 0.834274

-1.17073 -0.507485 0.709105
-1.44606 -0.279609 0.788959

-0.858162 -0.404961 0.551242
-0.90022 -0.763737 0.664365

-0.575602 -0.669945 0.518888
-0.858162 -0.404961 0.551242

-0.858162 -0.404961 0.551242
-1.17073 -0.507485 0.709105

-0.575602 -0.669945 0.518888
-0.52898 -0.327389 0.403433

-0.52898 -0.327389 0.403433
-0.858162 -0.404961 0.551242

-0.575602 -0.669945 0.518888
-0.233737 -0.584561 0.405815

-0.262917 -0.906683 0.547918
-0.233737 -0.584561 0.405815

0.0905893 -0.795457 0.479304
-0.233737 -0.584561 0.405815

0.0905893 -0.795457 0.479304
0.120117 -0.482529 0.357158

0.406855 -0.950345 0.591735
0.446618 -0.615131 0.460865

0.446618 -0.615131 0.460865
0.0905893 -0.795457 0.479304

0.738979 -0.76278 0.605727
0.446618 -0.615131 0.460865

0.738979 -0.76278 0.605727
0.774196 -0.389673 0.510442

1.03348 -0.567563 0.662914
0.774196 -0.389673 0.510442

1.28564 -0.41197 0.740525
1.04327 -0.141554 0.60165

1.04327 -0.141554 0.60165
1.03348 -0.567563 0.662914

1.03348 -0.567563 0.662914
1.28564 -0.41197 0.740525

1.04327 -0.141554 0.60165
0.774196 -0.389673 0.510442

1.36375 -0.773761 0.81798
1.28564 -0.41197 0.740525

1.36375 -0.773761 0.81798
1.6047 -0.525464 0.844989

1.6047 -0.525464 0.844989
1.28564 -0.41197 0.740525

1.74553 -0.208036 0.853763
1.6047 -0.525464 0.844989

1.93188 -0.592789 0.829645
1.74553 -0.208036 0.853763

1.93188 -0.592789 0.829645
2.08265 -0.255459 0.801341

2.08265 -0.255459 0.801341
1.74553 -0.208036 0.853763

-2.13974 -0.182601 0.776087
-2.07241 0.155477 0.808569

-2.07241 0.155477 0.808569
-2.39572 0.0156953 0.563763

-2.39572 0.0156953 0.563763
-2.13974 -0.182601 0.776087

-1.78521 -0.0716101 0.855869
-2.07241 0.155477 0.808569

-2.13974 -0.182601 0.776087
-1.78521 -0.0716101 0.855869

-1.80746 -0.413155 0.856194
-1.78521 -0.0716101 0.855869

-1.44606 -0.279609 0.788959
-1.78521 -0.0716101 0.855869

-1.46609 0.0611206 0.787233
-1.78521 -0.0716101 0.855869

-1.44606 -0.279609 0.788959
-1.46609 0.0611206 0.787233

-1.11068 -0.132672 0.635108
-1.44606 -0.279609 0.788959

-1.17073 -0.507485 0.709105
-1.11068 -0.132672 0.635108

-1.11068 -0.132672 0.635108
-1.46609 0.0611206 0.787233

-0.764475 -0.0523281 0.46518
-1.11068 -0.132672 0.635108

-1.11068 -0.132672 0.635108
-0.858162 -0.404961 0.551242

-0.858162 -0.404961 0.551242
-0.764475 -0.0523281 0.46518

-0.896511 0.243406 0.542274
-1.11068 -0.132672 0.635108

-0.764475 -0.0523281 0.46518
-0.896511 0.243406 0.542274

1.04327 -0.141554 0.60165
0.90476 0.244235 0.545158

0.71257 -0.0208594 0.440592
1.04327 -0.141554 0.60165

1.40961 -0.130885 0.767183
1.04327 -0.141554 0.60165

1.28564 -0.41197 0.740525
1.40961 -0.130885 0.767183

1.22747 0.183316 0.692703
0.90476 0.244235 0.545158

1.04327 -0.141554 0.60165
1.22747 0.183316 0.692703

1.6047 -0.525464 0.844989
1.40961 -0.130885 0.767183

1.40961 -0.130885 0.767183
1.22747 0.183316 0.692703

1.74553 -0.208036 0.853763
1.40961 -0.130885 0.767183

1.94125 0.109613 0.847091
1.58716 0.16335 0.825636

1.58716 0.16335 0.825636
1.74553 -0.208036 0.853763

1.74553 -0.208036 0.853763
1.94125 0.109613 0.847091

1.94125 0.109613 0.847091
2.08265 -0.255459 0.801341

2.26076 0.0802086 0.700875
1.94125 0.109613 0.847091

-2.07241 0.155477 0.808569
-2.27813 0.343885 0.66252

-1.78521 -0.0716101 0.855869
-1.75376 0.311149 0.855606

-1.75376 0.311149 0.855606
-2.07241 0.155477 0.808569

-1.75376 0.311149 0.855606
-2.02039 0.566569 0.799893

-2.02039 0.566569 0.799893
-2.07241 0.155477 0.808569

-1.46609 0.0611206 0.787233
-1.75376 0.311149 0.855606

-1.42217 0.444429 0.795189
-1.75376 0.311149 0.855606

-1.46609 0.0611206 0.787233
-1.42217 0.444429 0.795189

-1.18714 0.19628 0.676129
-1.46609 0.0611206 0.787233

-1.11068 -0.132672 0.635108
-1.18714 0.19628 0.676129

-1.18714 0.19628 0.676129
-1.42217 0.444429 0.795189

-0.752569 0.611674 0.562561
-1.08065 0.54994 0.680745

-1.08065 0.54994 0.680745
-0.896511 0.243406 0.542274

-0.896511 0.243406 0.542274
-0.752569 0.611674 0.562561

-0.896511 0.243406 0.542274
-1.18714 0.19628 0.676129

-0.896511 0.243406 0.542274
-0.578746 0.323443 0.420895

-0.578746 0.323443 0.420895
-0.752569 0.611674 0.562561

0.90476 0.244235 0.545158
0.729619 0.610326 0.552574

0.90476 0.244235 0.545158
1.07058 0.540991 0.673613

1.07058 0.540991 0.673613
0.729619 0.610326 0.552574

1.41564 0.497263 0.797945
1.07058 0.540991 0.673613

1.07058 0.540991 0.673613
1.22747 0.183316 0.692703

1.22747 0.183316 0.692703
1.41564 0.497263 0.797945

1.58716 0.16335 0.825636
1.22747 0.183316 0.692703

1.40961 -0.130885 0.767183
1.58716 0.16335 0.825636

1.58716 0.16335 0.825636
1.41564 0.497263 0.797945

1.78262 0.468153 0.856594
1.58716 0.16335 0.825636

1.94125 0.109613 0.847091
1.78262 0.468153 0.856594

1.94125 0.109613 0.847091
2.13023 0.429111 0.762617

2.13023 0.429111 0.762617
1.78262 0.468153 0.856594

-1.75376 0.311149 0.855606
-1.67299 0.688936 0.856656

-1.67299 0.688936 0.856656
-2.02039 0.566569 0.799893

-1.67299 0.688936 0.856656
-1.86835 0.964151 0.797932

-1.42217 0.444429 0.795189
-1.67299 0.688936 0.856656

-1.30829 0.800646 0.80931
-1.67299 0.688936 0.856656

-1.42217 0.444429 0.795189
-1.30829 0.800646 0.80931

-1.08065 0.54994 0.680745
-1.30829 0.800646 0.80931

-1.42217 0.444429 0.795189
-1.08065 0.54994 0.680745

-1.18714 0.19628 0.676129
-1.08065 0.54994 0.680745

-0.596672 0.952415 0.638472
-0.947761 0.894853 0.722292

-0.947761 0.894853 0.722292
-0.752569 0.611674 0.562561

-0.752569 0.611674 0.562561
-0.596672 0.952415 0.638472

-0.231067 0.982145 0.581914
-0.596672 0.952415 0.638472

-0.596672 0.952415 0.638472
-0.406647 0.673706 0.475242

-0.406647 0.673706 0.475242
-0.231067 0.982145 0.581914

-0.752569 0.611674 0.562561
-0.406647 0.673706 0.475242

0.149714 0.972905 0.569579
-0.231067 0.982145 0.581914

-0.231067 0.982145 0.581914
-0.0299653 0.692406 0.433587

-0.0299653 0.692406 0.433587
0.149714 0.972905 0.569579

0.527234 0.938177 0.614541
0.149714 0.972905 0.569579

0.149714 0.972905 0.569579
0.356865 0.666935 0.460918

0.356865 0.666935 0.460918
0.527234 0.938177 0.614541

0.891421 0.889675 0.701844
0.527234 0.938177 0.614541

0.527234 0.938177 0.614541
0.729619 0.610326 0.552574

0.729619 0.610326 0.552574
0.891421 0.889675 0.701844

1.07058 0.540991 0.673613
0.891421 0.889675 0.701844

1.24669 0.837378 0.798605
1.07058 0.540991 0.673613

1.41564 0.497263 0.797945
1.24669 0.837378 0.798605

1.24669 0.837378 0.798605
0.891421 0.889675 0.701844

1.78262 0.468153 0.856594
1.41564 0.497263 0.797945

1.61733 0.814631 0.85664
1.24669 0.837378 0.798605

1.41564 0.497263 0.797945
1.61733 0.814631 0.85664

1.97151 0.777147 0.791233
1.61733 0.814631 0.85664

1.61733 0.814631 0.85664
1.78262 0.468153 0.856594

1.78262 0.468153 0.856594
1.97151 0.777147 0.791233

2.27158 0.727606 0.578628
1.97151 0.777147 0.791233

1.97151 0.777147 0.791233
2.13023 0.429111 0.762617

-1.67299 0.688936 0.856656
-1.53593 1.06393 0.855412

-1.53593 1.06393 0.855412
-1.86835 0.964151 0.797932

-1.53593 1.06393 0.855412
-1.79172 1.31614 0.727947

-1.79172 1.31614 0.727947
-1.86835 0.964151 0.797932

-1.17106 1.1542 0.837583
-1.53593 1.06393 0.855412

-1.53593 1.06393 0.855412
-1.30829 0.800646 0.80931

-1.30829 0.800646 0.80931
-1.17106 1.1542 0.837583

-0.947761 0.894853 0.722292
-1.30829 0.800646 0.80931

-1.08065 0.54994 0.680745
-0.947761 0.894853 0.722292

-0.947761 0.894853 0.722292
-1.17106 1.1542 0.837583

-0.799428 1.2361 0.789312
-0.947761 0.894853 0.722292

-0.596672 0.952415 0.638472
-0.799428 1.2361 0.789312

-0.437755 1.27355 0.740907
-0.799428 1.2361 0.789312

-0.596672 0.952415 0.638472
-0.437755 1.27355 0.740907

-0.231067 0.982145 0.581914
-0.437755 1.27355 0.740907

-0.057198 1.26976 0.707809
-0.231067 0.982145 0.581914

0.149714 0.972905 0.569579
-0.057198 1.26976 0.707809

-0.057198 1.26976 0.707809
-0.437755 1.27355 0.740907

0.323649 1.25091 0.717045
0.149714 0.972905 0.569579

0.527234 0.938177 0.614541
0.323649 1.25091 0.717045

0.323649 1.25091 0.717045
-0.057198 1.26976 0.707809

0.698053 1.2183 0.76375
0.527234 0.938177 0.614541

0.891421 0.889675 0.701844
0.698053 1.2183 0.76375

0.698053 1.2183 0.76375
0.323649 1.25091 0.717045

1.06783 1.17891 0.824841
0.891421 0.889675 0.701844

1.24669 0.837378 0.798605
1.06783 1.17891 0.824841

1.06783 1.17891 0.824841
0.698053 1.2183 0.76375

1.43905 1.14174 0.856694
1.24669 0.837378 0.798605

1.61733 0.814631 0.85664
1.43905 1.14174 0.856694

1.43905 1.14174 0.856694
1.06783 1.17891 0.824841

1.81417 1.13636 0.780151
1.61733 0.814631 0.85664

1.97151 0.777147 0.791233
1.81417 1.13636 0.780151

1.81417 1.13636 0.780151
1.43905 1.14174 0.856694

1.97151 0.777147 0.791233
2.10612 1.06291 0.608196

2.10612 1.06291 0.608196
1.81417 1.13636 0.780151

-1.17106 1.1542 0.837583
-1.43755 1.41169 0.830168

-1.43755 1.41169 0.830168
-1.53593 1.06393 0.855412

-1.43755 1.41169 0.830168
-1.79172 1.31614 0.727947

-1.43755 1.41169 0.830168
-1.6963 1.62414 0.617136

-1.04945 1.49558 0.856777
-1.43755 1.41169 0.830168

-1.17106 1.1542 0.837583
-1.04945 1.49558 0.856777

-0.799428 1.2361 0.789312
-1.17106 1.1542 0.837583

-0.663591 1.58118 0.849492
-1.04945 1.49558 0.856777

-1.04945 1.49558 0.856777
-0.799428 1.2361 0.789312

-0.799428 1.2361 0.789312
-0.663591 1.58118 0.849492

-0.264483 1.57193 0.826092
-0.663591 1.58118 0.849492

-0.663591 1.58118 0.849492
-0.437755 1.27355 0.740907

-0.437755 1.27355 0.740907
-0.264483 1.57193 0.826092

-0.057198 1.26976 0.707809
-0.264483 1.57193 0.826092

0.123641 1.56113 0.818619
-0.264483 1.57193 0.826092

-0.057198 1.26976 0.707809
0.123641 1.56113 0.818619

0.323649 1.25091 0.717045
0.123641 1.56113 0.818619

0.507033 1.54212 0.832939
0.123641 1.56113 0.818619

0.323649 1.25091 0.717045
0.507033 1.54212 0.832939

0.885847 1.51533 0.853777
0.507033 1.54212 0.832939

0.507033 1.54212 0.832939
0.698053 1.2183 0.76375

0.698053 1.2183 0.76375
0.885847 1.51533 0.853777

1.26105 1.48257 0.846407
0.885847 1.51533 0.853777

0.885847 1.51533 0.853777
1.06783 1.17891 0.824841

1.06783 1.17891 0.824841
1.26105 1.48257 0.846407

1.62372 1.436 0.765041
1.26105 1.48257 0.846407

1.26105 1.48257 0.846407
1.43905 1.14174 0.856694

1.43905 1.14174 0.856694
1.62372 1.436 0.765041

1.81417 1.13636 0.780151
1.62372 1.436 0.765041

1.81417 1.13636 0.780151
1.94952 1.42983 0.536534

1.94952 1.42983 0.536534
1.62372 1.436 0.765041

1.72052 1.68752 0.546308
1.62372 1.436 0.765041

-1.43755 1.41169 0.830168
-1.35219 1.72867 0.747204

-1.04945 1.49558 0.856777
-1.02078 1.82889 0.801228

-1.02078 1.82889 0.801228
-1.35219 1.72867 0.747204

-1.35219 1.72867 0.747204
-1.04945 1.49558 0.856777

-1.02078 1.82889 0.801228
-1.25124 2.04131 0.564016

-0.720882 1.93063 0.81489
-1.02078 1.82889 0.801228

-1.02078 1.82889 0.801228
-0.663591 1.58118 0.849492

-0.663591 1.58118 0.849492
-0.720882 1.93063 0.81489

-0.398921 1.89885 0.847171
-0.663591 1.58118 0.849492

-0.264483 1.57193 0.826092
-0.398921 1.89885 0.847171

-0.398921 1.89885 0.847171
-0.720882 1.93063 0.81489

-0.0420253 1.88945 0.853742
-0.264483 1.57193 0.826092

0.123641 1.56113 0.818619
-0.0420253 1.88945 0.853742

-0.0420253 1.88945 0.853742
-0.398921 1.89885 0.847171

0.328944 1.87012 0.852897
0.123641 1.56113 0.818619

0.507033 1.54212 0.832939
0.328944 1.87012 0.852897

0.328944 1.87012 0.852897
-0.0420253 1.88945 0.853742

0.708595 1.8496 0.839268
0.507033 1.54212 0.832939

0.885847 1.51533 0.853777
0.708595 1.8496 0.839268

0.708595 1.8496 0.839268
0.328944 1.87012 0.852897

1.0782 1.81809 0.793043
0.885847 1.51533 0.853777

1.26105 1.48257 0.846407
1.0782 1.81809 0.793043

1.0782 1.81809 0.793043
0.708595 1.8496 0.839268

1.26105 1.48257 0.846407
1.42176 1.76604 0.695081

1.42176 1.76604 0.695081
1.0782 1.81809 0.793043

1.26405 2.05 0.547612
1.0782 1.81809 0.793043

1.62372 1.436 0.765041
1.42176 1.76604 0.695081

-1.02078 1.82889 0.801228
-0.939614 2.15901 0.610365

-0.720882 1.93063 0.81489
-0.939614 2.15901 0.610365

-0.720882 1.93063 0.81489
-0.584372 2.22037 0.668927

-0.398921 1.89885 0.847171
-0.584372 2.22037 0.668927

-0.398921 1.89885 0.847171
-0.232196 2.20685 0.730829

-0.0420253 1.88945 0.853742
-0.232196 2.20685 0.730829

-0.0420253 1.88945 0.853742
0.141966 2.18719 0.749294

0.328944 1.87012 0.852897
0.141966 2.18719 0.749294

0.328944 1.87012 0.852897
0.523531 2.15146 0.734515

0.708595 1.8496 0.839268
0.523531 2.15146 0.734515

0.708595 1.8496 0.839268
0.907283 2.1136 0.665963

0.907283 2.1136 0.665963
0.523531 2.15146 0.734515

1.0782 1.81809 0.793043
0.907283 2.1136 0.665963
